7.798728, 1 
7.493804, 2 
7.302749, 3 
7.160913, 4 
7.048705, 5 
6.955196, 6 
6.875250, 7 
6.805127, 8 
6.742777, 9 
6.686482, 10 
6.635228, 11 
6.588083, 12 
6.544474, 13 
6.503838, 14 
6.465821, 15 
6.430056, 16 
6.396309, 17 
6.364328, 18 
6.333951, 19 
6.304996, 20 
6.277347, 21 
6.250869, 22 
6.225474, 23 
6.201060, 24 
6.177560, 25 
6.154894, 26 
6.133010, 27 
6.111843, 28 
6.091352, 29 
6.071486, 30 
6.052211, 31 
6.033484, 32 
6.015277, 33 
5.997556, 34 
5.980298, 35 
5.963472, 36 
5.947060, 37 
5.931037, 38 
5.915385, 39 
5.900084, 40 
5.885119, 41 
5.870472, 42 
5.856131, 43 
5.842080, 44 
5.828308, 45 
5.814801, 46 
5.801550, 47 
5.788542, 48 
5.775770, 49 
5.763222, 50 
5.750892, 51 
5.738770, 52 
5.726849, 53 
5.715120, 54 
5.703579, 55 
5.692216, 56 
5.681028, 57 
5.670007, 58 
5.659149, 59 
5.648446, 60 
5.637896, 61 
5.627493, 62 
5.617232, 63 
5.607108, 64 
5.597118, 65 
5.587258, 66 
5.577524, 67 
5.567911, 68 
5.558418, 69 
5.549040, 70 
5.539774, 71 
5.530617, 72 
5.521567, 73 
5.512620, 74 
5.503773, 75 
5.495024, 76 
5.486371, 77 
5.477810, 78 
5.469341, 79 
5.460960, 80 
5.452665, 81 
5.444455, 82 
5.436327, 83 
5.428279, 84 
5.420310, 85 
5.412417, 86 
5.404599, 87 
5.396854, 88 
5.389181, 89 
5.381578, 90 
5.374044, 91 
5.366576, 92 
5.359175, 93 
5.351837, 94 
5.344563, 95 
5.337349, 96 
5.330197, 97 
5.323103, 98 
5.316068, 99 
5.309089, 100 
5.302166, 101 
5.295297, 102 
5.288482, 103 
5.281720, 104 
5.275009, 105 
5.268349, 106 
5.261738, 107 
5.255176, 108 
5.248662, 109 
5.242195, 110 
5.235774, 111 
5.229399, 112 
5.223068, 113 
5.216780, 114 
5.210536, 115 
5.204334, 116 
5.198174, 117 
5.192054, 118 
5.185975, 119 
5.179935, 120 
5.173934, 121 
5.167971, 122 
5.162046, 123 
5.156158, 124 
5.150306, 125 
5.144490, 126 
5.138709, 127 
5.132963, 128 
5.127252, 129 
5.121573, 130 
5.115928, 131 
5.110316, 132 
5.104736, 133 
5.099187, 134 
5.093670, 135 
5.088184, 136 
5.082727, 137 
5.077301, 138 
5.071904, 139 
5.066536, 140 
5.061197, 141 
5.055886, 142 
5.050602, 143 
5.045347, 144 
5.040118, 145 
5.034915, 146 
5.029740, 147 
5.024590, 148 
5.019465, 149 
5.014366, 150 
5.009292, 151 
5.004242, 152 
4.999217, 153 
4.994216, 154 
4.989238, 155 
4.984283, 156 
4.979352, 157 
4.974443, 158 
4.969557, 159 
4.964693, 160 
4.959851, 161 
4.955030, 162 
4.950231, 163 
4.945453, 164 
4.940695, 165 
4.935959, 166 
4.931242, 167 
4.926546, 168 
4.921869, 169 
4.917212, 170 
4.912575, 171 
4.907956, 172 
4.903357, 173 
4.898776, 174 
4.894214, 175 
4.889669, 176 
4.885143, 177 
4.880635, 178 
4.876145, 179 
4.871671, 180 
4.867215, 181 
4.862777, 182 
4.858355, 183 
4.853949, 184 
4.849560, 185 
4.845188, 186 
4.840832, 187 
4.836491, 188 
4.832166, 189 
4.827857, 190 
4.823564, 191 
4.819285, 192 
4.815022, 193 
4.810774, 194 
4.806540, 195 
4.802322, 196 
4.798117, 197 
4.793927, 198 
4.789752, 199 
4.785590, 200 
4.781442, 201 
4.777308, 202 
4.773188, 203 
4.769081, 204 
4.764987, 205 
4.760907, 206 
4.756839, 207 
4.752785, 208 
4.748743, 209 
4.744715, 210 
4.740698, 211 
4.736694, 212 
4.732703, 213 
4.728724, 214 
4.724757, 215 
4.720801, 216 
4.716858, 217 
4.712926, 218 
4.709007, 219 
4.705098, 220 
4.701201, 221 
4.697316, 222 
4.693441, 223 
4.689578, 224 
4.685725, 225 
4.681884, 226 
4.678053, 227 
4.674233, 228 
4.670424, 229 
4.666625, 230 
4.662837, 231 
4.659059, 232 
4.655291, 233 
4.651533, 234 
4.647786, 235 
4.644048, 236 
4.640320, 237 
4.636602, 238 
4.632894, 239 
4.629195, 240 
4.625506, 241 
4.621826, 242 
4.618156, 243 
4.614494, 244 
4.610843, 245 
4.607200, 246 
4.603566, 247 
4.599941, 248 
4.596326, 249 
4.592719, 250 
4.589120, 251 
4.585531, 252 
4.581950, 253 
4.578377, 254 
4.574813, 255 
4.571258, 256 
4.567711, 257 
4.564172, 258 
4.560641, 259 
4.557118, 260 
4.553603, 261 
4.550097, 262 
4.546598, 263 
4.543107, 264 
4.539624, 265 
4.536149, 266 
4.532682, 267 
4.529222, 268 
4.525769, 269 
4.522324, 270 
4.518887, 271 
4.515457, 272 
4.512034, 273 
4.508619, 274 
4.505210, 275 
4.501809, 276 
4.498415, 277 
4.495028, 278 
4.491648, 279 
4.488276, 280 
4.484909, 281 
4.481550, 282 
4.478198, 283 
4.474852, 284 
4.471513, 285 
4.468181, 286 
4.464855, 287 
4.461536, 288 
4.458223, 289 
4.454917, 290 
4.451617, 291 
4.448323, 292 
4.445036, 293 
4.441755, 294 
4.438481, 295 
4.435212, 296 
4.431950, 297 
4.428693, 298 
4.425443, 299 
4.422199, 300 
4.418960, 301 
4.415728, 302 
4.412502, 303 
4.409281, 304 
4.406066, 305 
4.402857, 306 
4.399653, 307 
4.396456, 308 
4.393264, 309 
4.390077, 310 
4.386896, 311 
4.383721, 312 
4.380551, 313 
4.377386, 314 
4.374227, 315 
4.371074, 316 
4.367925, 317 
4.364782, 318 
4.361644, 319 
4.358512, 320 
4.355384, 321 
4.352262, 322 
4.349145, 323 
4.346033, 324 
4.342926, 325 
4.339824, 326 
4.336727, 327 
4.333636, 328 
4.330549, 329 
4.327467, 330 
4.324389, 331 
4.321317, 332 
4.318249, 333 
4.315187, 334 
4.312129, 335 
4.309075, 336 
4.306027, 337 
4.302983, 338 
4.299943, 339 
4.296908, 340 
4.293878, 341 
4.290853, 342 
4.287832, 343 
4.284815, 344 
4.281803, 345 
4.278795, 346 
4.275792, 347 
4.272793, 348 
4.269798, 349 
4.266808, 350 
4.263822, 351 
4.260840, 352 
4.257863, 353 
4.254889, 354 
4.251920, 355 
4.248955, 356 
4.245995, 357 
4.243038, 358 
4.240086, 359 
4.237137, 360 
4.234193, 361 
4.231252, 362 
4.228316, 363 
4.225384, 364 
4.222455, 365 
4.219531, 366 
4.216610, 367 
4.213694, 368 
4.210781, 369 
4.207872, 370 
4.204967, 371 
4.202065, 372 
4.199168, 373 
4.196274, 374 
4.193384, 375 
4.190497, 376 
4.187615, 377 
4.184736, 378 
4.181860, 379 
4.178989, 380 
4.176120, 381 
4.173256, 382 
4.170395, 383 
4.167538, 384 
4.164684, 385 
4.161833, 386 
4.158987, 387 
4.156143, 388 
4.153303, 389 
4.150467, 390 
4.147634, 391 
4.144804, 392 
4.141978, 393 
4.139155, 394 
4.136335, 395 
4.133519, 396 
4.130706, 397 
4.127896, 398 
4.125090, 399 
4.122287, 400 
4.119487, 401 
4.116690, 402 
4.113897, 403 
4.111107, 404 
4.108320, 405 
4.105536, 406 
4.102755, 407 
4.099977, 408 
4.097203, 409 
4.094431, 410 
4.091663, 411 
4.088898, 412 
4.086135, 413 
4.083376, 414 
4.080620, 415 
4.077867, 416 
4.075117, 417 
4.072369, 418 
4.069625, 419 
4.066884, 420 
4.064145, 421 
4.061410, 422 
4.058677, 423 
4.055947, 424 
4.053220, 425 
4.050496, 426 
4.047775, 427 
4.045057, 428 
4.042341, 429 
4.039628, 430 
4.036918, 431 
4.034211, 432 
4.031507, 433 
4.028805, 434 
4.026106, 435 
4.023410, 436 
4.020716, 437 
4.018025, 438 
4.015337, 439 
4.012652, 440 
4.009969, 441 
4.007288, 442 
4.004611, 443 
4.001936, 444 
3.999263, 445 
3.996594, 446 
3.993926, 447 
3.991262, 448 
3.988600, 449 
3.985940, 450 
3.983283, 451 
3.980628, 452 
3.977976, 453 
3.975327, 454 
3.972680, 455 
3.970035, 456 
3.967393, 457 
3.964754, 458 
3.962116, 459 
3.959482, 460 
3.956849, 461 
3.954219, 462 
3.951592, 463 
3.948966, 464 
3.946344, 465 
3.943723, 466 
3.941105, 467 
3.938489, 468 
3.935876, 469 
3.933265, 470 
3.930656, 471 
3.928049, 472 
3.925445, 473 
3.922843, 474 
3.920244, 475 
3.917646, 476 
3.915051, 477 
3.912458, 478 
3.909867, 479 
3.907279, 480 
3.904693, 481 
3.902109, 482 
3.899527, 483 
3.896947, 484 
3.894370, 485 
3.891794, 486 
3.889221, 487 
3.886650, 488 
3.884081, 489 
3.881514, 490 
3.878950, 491 
3.876387, 492 
3.873827, 493 
3.871268, 494 
3.868712, 495 
3.866158, 496 
3.863606, 497 
3.861056, 498 
3.858508, 499 
3.855962, 500 
3.853418, 501 
3.850876, 502 
3.848336, 503 
3.845798, 504 
3.843262, 505 
3.840728, 506 
3.838196, 507 
3.835666, 508 
3.833138, 509 
3.830612, 510 
3.828088, 511 
3.825565, 512 
3.823045, 513 
3.820527, 514 
3.818010, 515 
3.815496, 516 
3.812983, 517 
3.810473, 518 
3.807964, 519 
3.805457, 520 
3.802952, 521 
3.800449, 522 
3.797947, 523 
3.795448, 524 
3.792950, 525 
3.790454, 526 
3.787960, 527 
3.785468, 528 
3.782977, 529 
3.780489, 530 
3.778002, 531 
3.775517, 532 
3.773034, 533 
3.770552, 534 
3.768073, 535 
3.765595, 536 
3.763119, 537 
3.760644, 538 
3.758172, 539 
3.755701, 540 
3.753232, 541 
3.750764, 542 
3.748298, 543 
3.745834, 544 
3.743372, 545 
3.740911, 546 
3.738452, 547 
3.735995, 548 
3.733540, 549 
3.731086, 550 
3.728633, 551 
3.726183, 552 
3.723734, 553 
3.721286, 554 
3.718841, 555 
3.716397, 556 
3.713954, 557 
3.711514, 558 
3.709074, 559 
3.706637, 560 
3.704201, 561 
3.701766, 562 
3.699334, 563 
3.696902, 564 
3.694473, 565 
3.692045, 566 
3.689618, 567 
3.687193, 568 
3.684770, 569 
3.682348, 570 
3.679928, 571 
3.677509, 572 
3.675092, 573 
3.672676, 574 
3.670262, 575 
3.667850, 576 
3.665438, 577 
3.663029, 578 
3.660621, 579 
3.658214, 580 
3.655809, 581 
3.653405, 582 
3.651003, 583 
3.648602, 584 
3.646203, 585 
3.643805, 586 
3.641409, 587 
3.639014, 588 
3.636621, 589 
3.634229, 590 
3.631838, 591 
3.629449, 592 
3.627061, 593 
3.624675, 594 
3.622290, 595 
3.619907, 596 
3.617525, 597 
3.615144, 598 
3.612765, 599 
3.610387, 600 
3.608011, 601 
3.605635, 602 
3.603262, 603 
3.600889, 604 
3.598518, 605 
3.596149, 606 
3.593781, 607 
3.591414, 608 
3.589048, 609 
3.586684, 610 
3.584321, 611 
3.581960, 612 
3.579599, 613 
3.577240, 614 
3.574883, 615 
3.572527, 616 
3.570172, 617 
3.567818, 618 
3.565466, 619 
3.563115, 620 
3.560765, 621 
3.558416, 622 
3.556069, 623 
3.553723, 624 
3.551379, 625 
3.549035, 626 
3.546693, 627 
3.544353, 628 
3.542013, 629 
3.539675, 630 
3.537338, 631 
3.535002, 632 
3.532667, 633 
3.530334, 634 
3.528002, 635 
3.525671, 636 
3.523341, 637 
3.521013, 638 
3.518686, 639 
3.516360, 640 
3.514035, 641 
3.511711, 642 
3.509389, 643 
3.507068, 644 
3.504748, 645 
3.502429, 646 
3.500111, 647 
3.497795, 648 
3.495480, 649 
3.493166, 650 
3.490853, 651 
3.488541, 652 
3.486230, 653 
3.483921, 654 
3.481613, 655 
3.479305, 656 
3.476999, 657 
3.474695, 658 
3.472391, 659 
3.470088, 660 
3.467787, 661 
3.465486, 662 
3.463187, 663 
3.460889, 664 
3.458592, 665 
3.456296, 666 
3.454002, 667 
3.451708, 668 
3.449415, 669 
3.447124, 670 
3.444834, 671 
3.442544, 672 
3.440256, 673 
3.437969, 674 
3.435683, 675 
3.433398, 676 
3.431114, 677 
3.428832, 678 
3.426550, 679 
3.424269, 680 
3.421990, 681 
3.419711, 682 
3.417434, 683 
3.415157, 684 
3.412882, 685 
3.410607, 686 
3.408334, 687 
3.406062, 688 
3.403791, 689 
3.401520, 690 
3.399251, 691 
3.396983, 692 
3.394716, 693 
3.392450, 694 
3.390185, 695 
3.387921, 696 
3.385658, 697 
3.383395, 698 
3.381134, 699 
3.378874, 700 
3.376615, 701 
3.374357, 702 
3.372100, 703 
3.369844, 704 
3.367589, 705 
3.365334, 706 
3.363081, 707 
3.360829, 708 
3.358578, 709 
3.356327, 710 
3.354078, 711 
3.351830, 712 
3.349582, 713 
3.347336, 714 
3.345090, 715 
3.342846, 716 
3.340602, 717 
3.338359, 718 
3.336118, 719 
3.333877, 720 
3.331637, 721 
3.329398, 722 
3.327160, 723 
3.324923, 724 
3.322687, 725 
3.320452, 726 
3.318217, 727 
3.315984, 728 
3.313751, 729 
3.311520, 730 
3.309289, 731 
3.307059, 732 
3.304830, 733 
3.302602, 734 
3.300375, 735 
3.298149, 736 
3.295924, 737 
3.293699, 738 
3.291476, 739 
3.289253, 740 
3.287031, 741 
3.284810, 742 
3.282590, 743 
3.280371, 744 
3.278153, 745 
3.275935, 746 
3.273719, 747 
3.271503, 748 
3.269288, 749 
3.267074, 750 
3.264861, 751 
3.262649, 752 
3.260437, 753 
3.258226, 754 
3.256017, 755 
3.253808, 756 
3.251600, 757 
3.249392, 758 
3.247186, 759 
3.244980, 760 
3.242775, 761 
3.240571, 762 
3.238368, 763 
3.236166, 764 
3.233964, 765 
3.231764, 766 
3.229564, 767 
3.227365, 768 
3.225166, 769 
3.222969, 770 
3.220772, 771 
3.218576, 772 
3.216381, 773 
3.214187, 774 
3.211993, 775 
3.209800, 776 
3.207609, 777 
3.205417, 778 
3.203227, 779 
3.201037, 780 
3.198849, 781 
3.196661, 782 
3.194473, 783 
3.192287, 784 
3.190101, 785 
3.187916, 786 
3.185732, 787 
3.183548, 788 
3.181366, 789 
3.179184, 790 
3.177002, 791 
3.174822, 792 
3.172642, 793 
3.170463, 794 
3.168285, 795 
3.166108, 796 
3.163931, 797 
3.161755, 798 
3.159580, 799 
3.157405, 800 
3.155231, 801 
3.153058, 802 
3.150886, 803 
3.148714, 804 
3.146544, 805 
3.144373, 806 
3.142204, 807 
3.140035, 808 
3.137867, 809 
3.135700, 810 
3.133533, 811 
3.131367, 812 
3.129202, 813 
3.127038, 814 
3.124874, 815 
3.122711, 816 
3.120548, 817 
3.118387, 818 
3.116226, 819 
3.114065, 820 
3.111906, 821 
3.109747, 822 
3.107589, 823 
3.105431, 824 
3.103274, 825 
3.101118, 826 
3.098962, 827 
3.096808, 828 
3.094653, 829 
3.092500, 830 
3.090347, 831 
3.088195, 832 
3.086043, 833 
3.083892, 834 
3.081742, 835 
3.079593, 836 
3.077444, 837 
3.075296, 838 
3.073148, 839 
3.071001, 840 
3.068855, 841 
3.066709, 842 
3.064564, 843 
3.062420, 844 
3.060276, 845 
3.058133, 846 
3.055991, 847 
3.053849, 848 
3.051708, 849 
3.049567, 850 
3.047427, 851 
3.045288, 852 
3.043149, 853 
3.041011, 854 
3.038874, 855 
3.036737, 856 
3.034601, 857 
3.032466, 858 
3.030331, 859 
3.028196, 860 
3.026063, 861 
3.023929, 862 
3.021797, 863 
3.019665, 864 
3.017534, 865 
3.015403, 866 
3.013273, 867 
3.011144, 868 
3.009015, 869 
3.006886, 870 
3.004759, 871 
3.002632, 872 
3.000505, 873 
2.998379, 874 
2.996254, 875 
2.994129, 876 
2.992005, 877 
2.989881, 878 
2.987758, 879 
2.985636, 880 
2.983514, 881 
2.981393, 882 
2.979272, 883 
2.977152, 884 
2.975032, 885 
2.972913, 886 
2.970795, 887 
2.968677, 888 
2.966560, 889 
2.964443, 890 
2.962327, 891 
2.960211, 892 
2.958096, 893 
2.955982, 894 
2.953868, 895 
2.951754, 896 
2.949642, 897 
2.947529, 898 
2.945417, 899 
2.943306, 900 
2.941196, 901 
2.939085, 902 
2.936976, 903 
2.934867, 904 
2.932758, 905 
2.930650, 906 
2.928543, 907 
2.926436, 908 
2.924330, 909 
2.922224, 910 
2.920118, 911 
2.918014, 912 
2.915909, 913 
2.913805, 914 
2.911702, 915 
2.909600, 916 
2.907497, 917 
2.905396, 918 
2.903294, 919 
2.901194, 920 
2.899094, 921 
2.896994, 922 
2.894895, 923 
2.892796, 924 
2.890698, 925 
2.888601, 926 
2.886503, 927 
2.884407, 928 
2.882311, 929 
2.880215, 930 
2.878120, 931 
2.876025, 932 
2.873931, 933 
2.871838, 934 
2.869745, 935 
2.867652, 936 
2.865560, 937 
2.863468, 938 
2.861377, 939 
2.859286, 940 
2.857196, 941 
2.855106, 942 
2.853017, 943 
2.850928, 944 
2.848840, 945 
2.846752, 946 
2.844665, 947 
2.842578, 948 
2.840492, 949 
2.838406, 950 
2.836320, 951 
2.834235, 952 
2.832151, 953 
2.830067, 954 
2.827983, 955 
2.825900, 956 
2.823817, 957 
2.821735, 958 
2.819653, 959 
2.817572, 960 
2.815491, 961 
2.813411, 962 
2.811331, 963 
2.809251, 964 
2.807172, 965 
2.805094, 966 
2.803015, 967 
2.800938, 968 
2.798861, 969 
2.796784, 970 
2.794707, 971 
2.792631, 972 
2.790556, 973 
2.788481, 974 
2.786406, 975 
2.784332, 976 
2.782258, 977 
2.780185, 978 
2.778112, 979 
2.776040, 980 
2.773968, 981 
2.771896, 982 
2.769825, 983 
2.767754, 984 
2.765684, 985 
2.763614, 986 
2.761545, 987 
2.759476, 988 
2.757407, 989 
2.755339, 990 
2.753271, 991 
2.751204, 992 
2.749137, 993 
2.747070, 994 
2.745004, 995 
2.742938, 996 
2.740873, 997 
2.738808, 998 
2.736743, 999 
2.734679, 1000 
2.732616, 1001 
2.730552, 1002 
2.728490, 1003 
2.726427, 1004 
2.724365, 1005 
2.722303, 1006 
2.720242, 1007 
2.718181, 1008 
2.716121, 1009 
2.714061, 1010 
2.712001, 1011 
2.709941, 1012 
2.707883, 1013 
2.705824, 1014 
2.703766, 1015 
2.701708, 1016 
2.699651, 1017 
2.697594, 1018 
2.695537, 1019 
2.693481, 1020 
2.691425, 1021 
2.689370, 1022 
2.687315, 1023 
2.685260, 1024 
2.683206, 1025 
2.681152, 1026 
2.679098, 1027 
2.677045, 1028 
2.674992, 1029 
2.672940, 1030 
2.670888, 1031 
2.668836, 1032 
2.666784, 1033 
2.664733, 1034 
2.662683, 1035 
2.660633, 1036 
2.658583, 1037 
2.656533, 1038 
2.654484, 1039 
2.652435, 1040 
2.650387, 1041 
2.648339, 1042 
2.646291, 1043 
2.644244, 1044 
2.642197, 1045 
2.640150, 1046 
2.638104, 1047 
2.636058, 1048 
2.634012, 1049 
2.631967, 1050 
2.629922, 1051 
2.627878, 1052 
2.625833, 1053 
2.623790, 1054 
2.621746, 1055 
2.619703, 1056 
2.617660, 1057 
2.615618, 1058 
2.613575, 1059 
2.611534, 1060 
2.609492, 1061 
2.607451, 1062 
2.605410, 1063 
2.603370, 1064 
2.601330, 1065 
2.599290, 1066 
2.597251, 1067 
2.595211, 1068 
2.593173, 1069 
2.591134, 1070 
2.589096, 1071 
2.587058, 1072 
2.585021, 1073 
2.582984, 1074 
2.580947, 1075 
2.578910, 1076 
2.576874, 1077 
2.574838, 1078 
2.572803, 1079 
2.570768, 1080 
2.568733, 1081 
2.566698, 1082 
2.564664, 1083 
2.562630, 1084 
2.560597, 1085 
2.558563, 1086 
2.556530, 1087 
2.554498, 1088 
2.552465, 1089 
2.550433, 1090 
2.548402, 1091 
2.546370, 1092 
2.544339, 1093 
2.542308, 1094 
2.540278, 1095 
2.538248, 1096 
2.536218, 1097 
2.534188, 1098 
2.532159, 1099 
2.530130, 1100 
2.528101, 1101 
2.526073, 1102 
2.524045, 1103 
2.522017, 1104 
2.519990, 1105 
2.517962, 1106 
2.515936, 1107 
2.513909, 1108 
2.511883, 1109 
2.509857, 1110 
2.507831, 1111 
2.505806, 1112 
2.503780, 1113 
2.501756, 1114 
2.499731, 1115 
2.497707, 1116 
2.495683, 1117 
2.493659, 1118 
2.491636, 1119 
2.489613, 1120 
2.487590, 1121 
2.485567, 1122 
2.483545, 1123 
2.481523, 1124 
2.479501, 1125 
2.477480, 1126 
2.475459, 1127 
2.473438, 1128 
2.471417, 1129 
2.469397, 1130 
2.467377, 1131 
2.465357, 1132 
2.463338, 1133 
2.461319, 1134 
2.459300, 1135 
2.457281, 1136 
2.455263, 1137 
2.453245, 1138 
2.451227, 1139 
2.449209, 1140 
2.447192, 1141 
2.445175, 1142 
2.443158, 1143 
2.441142, 1144 
2.439125, 1145 
2.437109, 1146 
2.435094, 1147 
2.433078, 1148 
2.431063, 1149 
2.429048, 1150 
2.427033, 1151 
2.425019, 1152 
2.423005, 1153 
2.420991, 1154 
2.418977, 1155 
2.416964, 1156 
2.414951, 1157 
2.412938, 1158 
2.410925, 1159 
2.408913, 1160 
2.406901, 1161 
2.404889, 1162 
2.402877, 1163 
2.400866, 1164 
2.398855, 1165 
2.396844, 1166 
2.394833, 1167 
2.392823, 1168 
2.390813, 1169 
2.388803, 1170 
2.386793, 1171 
2.384784, 1172 
2.382775, 1173 
2.380766, 1174 
2.378757, 1175 
2.376749, 1176 
2.374741, 1177 
2.372733, 1178 
2.370725, 1179 
2.368718, 1180 
2.366711, 1181 
2.364704, 1182 
2.362697, 1183 
2.360690, 1184 
2.358684, 1185 
2.356678, 1186 
2.354672, 1187 
2.352667, 1188 
2.350661, 1189 
2.348656, 1190 
2.346651, 1191 
2.344647, 1192 
2.342642, 1193 
2.340638, 1194 
2.338634, 1195 
2.336630, 1196 
2.334627, 1197 
2.332624, 1198 
2.330621, 1199 
2.328618, 1200 
2.326615, 1201 
2.324613, 1202 
2.322611, 1203 
2.320609, 1204 
2.318607, 1205 
2.316605, 1206 
2.314604, 1207 
2.312603, 1208 
2.310602, 1209 
2.308602, 1210 
2.306601, 1211 
2.304601, 1212 
2.302601, 1213 
2.300601, 1214 
2.298602, 1215 
2.296602, 1216 
2.294603, 1217 
2.292605, 1218 
2.290606, 1219 
2.288607, 1220 
2.286609, 1221 
2.284611, 1222 
2.282613, 1223 
2.280616, 1224 
2.278618, 1225 
2.276621, 1226 
2.274624, 1227 
2.272627, 1228 
2.270631, 1229 
2.268634, 1230 
2.266638, 1231 
2.264642, 1232 
2.262646, 1233 
2.260651, 1234 
2.258655, 1235 
2.256660, 1236 
2.254665, 1237 
2.252670, 1238 
2.250676, 1239 
2.248682, 1240 
2.246687, 1241 
2.244693, 1242 
2.242700, 1243 
2.240706, 1244 
2.238713, 1245 
2.236720, 1246 
2.234727, 1247 
2.232734, 1248 
2.230741, 1249 
2.228749, 1250 
2.226757, 1251 
2.224765, 1252 
2.222773, 1253 
2.220781, 1254 
2.218790, 1255 
2.216798, 1256 
2.214807, 1257 
2.212817, 1258 
2.210826, 1259 
2.208835, 1260 
2.206845, 1261 
2.204855, 1262 
2.202865, 1263 
2.200875, 1264 
2.198886, 1265 
2.196896, 1266 
2.194907, 1267 
2.192918, 1268 
2.190929, 1269 
2.188941, 1270 
2.186952, 1271 
2.184964, 1272 
2.182976, 1273 
2.180988, 1274 
2.179000, 1275 
2.177013, 1276 
2.175025, 1277 
2.173038, 1278 
2.171051, 1279 
2.169064, 1280 
2.167077, 1281 
2.165091, 1282 
2.163105, 1283 
2.161119, 1284 
2.159133, 1285 
2.157147, 1286 
2.155161, 1287 
2.153176, 1288 
2.151190, 1289 
2.149205, 1290 
2.147220, 1291 
2.145236, 1292 
2.143251, 1293 
2.141267, 1294 
2.139282, 1295 
2.137298, 1296 
2.135314, 1297 
2.133331, 1298 
2.131347, 1299 
2.129364, 1300 
2.127380, 1301 
2.125397, 1302 
2.123414, 1303 
2.121432, 1304 
2.119449, 1305 
2.117467, 1306 
2.115484, 1307 
2.113502, 1308 
2.111520, 1309 
2.109539, 1310 
2.107557, 1311 
2.105575, 1312 
2.103594, 1313 
2.101613, 1314 
2.099632, 1315 
2.097651, 1316 
2.095671, 1317 
2.093690, 1318 
2.091710, 1319 
2.089730, 1320 
2.087750, 1321 
2.085770, 1322 
2.083790, 1323 
2.081810, 1324 
2.079831, 1325 
2.077852, 1326 
2.075873, 1327 
2.073894, 1328 
2.071915, 1329 
2.069936, 1330 
2.067958, 1331 
2.065980, 1332 
2.064001, 1333 
2.062023, 1334 
2.060045, 1335 
2.058068, 1336 
2.056090, 1337 
2.054113, 1338 
2.052135, 1339 
2.050158, 1340 
2.048181, 1341 
2.046204, 1342 
2.044228, 1343 
2.042251, 1344 
2.040275, 1345 
2.038298, 1346 
2.036322, 1347 
2.034346, 1348 
2.032371, 1349 
2.030395, 1350 
2.028419, 1351 
2.026444, 1352 
2.024469, 1353 
2.022494, 1354 
2.020519, 1355 
2.018544, 1356 
2.016569, 1357 
2.014595, 1358 
2.012620, 1359 
2.010646, 1360 
2.008672, 1361 
2.006698, 1362 
2.004724, 1363 
2.002750, 1364 
2.000777, 1365 
1.998803, 1366 
1.996830, 1367 
1.994857, 1368 
1.992884, 1369 
1.990911, 1370 
1.988938, 1371 
1.986965, 1372 
1.984993, 1373 
1.983020, 1374 
1.981048, 1375 
1.979076, 1376 
1.977104, 1377 
1.975132, 1378 
1.973161, 1379 
1.971189, 1380 
1.969218, 1381 
1.967246, 1382 
1.965275, 1383 
1.963304, 1384 
1.961333, 1385 
1.959362, 1386 
1.957392, 1387 
1.955421, 1388 
1.953451, 1389 
1.951480, 1390 
1.949510, 1391 
1.947540, 1392 
1.945570, 1393 
1.943601, 1394 
1.941631, 1395 
1.939661, 1396 
1.937692, 1397 
1.935723, 1398 
1.933754, 1399 
1.931785, 1400 
1.929816, 1401 
1.927847, 1402 
1.925878, 1403 
1.923910, 1404 
1.921941, 1405 
1.919973, 1406 
1.918005, 1407 
1.916037, 1408 
1.914069, 1409 
1.912101, 1410 
1.910133, 1411 
1.908166, 1412 
1.906198, 1413 
1.904231, 1414 
1.902264, 1415 
1.900297, 1416 
1.898330, 1417 
1.896363, 1418 
1.894396, 1419 
1.892429, 1420 
1.890463, 1421 
1.888496, 1422 
1.886530, 1423 
1.884564, 1424 
1.882598, 1425 
1.880632, 1426 
1.878666, 1427 
1.876700, 1428 
1.874735, 1429 
1.872769, 1430 
1.870804, 1431 
1.868839, 1432 
1.866873, 1433 
1.864908, 1434 
1.862943, 1435 
1.860979, 1436 
1.859014, 1437 
1.857049, 1438 
1.855085, 1439 
1.853120, 1440 
1.851156, 1441 
1.849192, 1442 
1.847228, 1443 
1.845264, 1444 
1.843300, 1445 
1.841336, 1446 
1.839373, 1447 
1.837409, 1448 
1.835446, 1449 
1.833482, 1450 
1.831519, 1451 
1.829556, 1452 
1.827593, 1453 
1.825630, 1454 
1.823667, 1455 
1.821705, 1456 
1.819742, 1457 
1.817780, 1458 
1.815817, 1459 
1.813855, 1460 
1.811893, 1461 
1.809931, 1462 
1.807969, 1463 
1.806007, 1464 
1.804045, 1465 
1.802084, 1466 
1.800122, 1467 
1.798161, 1468 
1.796199, 1469 
1.794238, 1470 
1.792277, 1471 
1.790316, 1472 
1.788355, 1473 
1.786394, 1474 
1.784433, 1475 
1.782473, 1476 
1.780512, 1477 
1.778552, 1478 
1.776591, 1479 
1.774631, 1480 
1.772671, 1481 
1.770711, 1482 
1.768751, 1483 
1.766791, 1484 
1.764831, 1485 
1.762871, 1486 
1.760912, 1487 
1.758952, 1488 
1.756993, 1489 
1.755033, 1490 
1.753074, 1491 
1.751115, 1492 
1.749156, 1493 
1.747197, 1494 
1.745238, 1495 
1.743279, 1496 
1.741321, 1497 
1.739362, 1498 
1.737404, 1499 
1.735445, 1500 
1.733487, 1501 
1.731529, 1502 
1.729571, 1503 
1.727613, 1504 
1.725655, 1505 
1.723697, 1506 
1.721739, 1507 
1.719781, 1508 
1.717824, 1509 
1.715866, 1510 
1.713909, 1511 
1.711952, 1512 
1.709994, 1513 
1.708037, 1514 
1.706080, 1515 
1.704123, 1516 
1.702166, 1517 
1.700209, 1518 
1.698253, 1519 
1.696296, 1520 
1.694340, 1521 
1.692383, 1522 
1.690427, 1523 
1.688470, 1524 
1.686514, 1525 
1.684558, 1526 
1.682602, 1527 
1.680646, 1528 
1.678690, 1529 
1.676734, 1530 
1.674779, 1531 
1.672823, 1532 
1.670868, 1533 
1.668912, 1534 
1.666957, 1535 
1.665002, 1536 
1.663046, 1537 
1.661091, 1538 
1.659136, 1539 
1.657181, 1540 
1.655226, 1541 
1.653271, 1542 
1.651317, 1543 
1.649362, 1544 
1.647408, 1545 
1.645453, 1546 
1.643499, 1547 
1.641544, 1548 
1.639590, 1549 
1.637636, 1550 
1.635682, 1551 
1.633728, 1552 
1.631774, 1553 
1.629820, 1554 
1.627866, 1555 
1.625912, 1556 
1.623959, 1557 
1.622005, 1558 
1.620052, 1559 
1.618098, 1560 
1.616145, 1561 
1.614192, 1562 
1.612239, 1563 
1.610286, 1564 
1.608332, 1565 
1.606380, 1566 
1.604427, 1567 
1.602474, 1568 
1.600521, 1569 
1.598568, 1570 
1.596616, 1571 
1.594663, 1572 
1.592711, 1573 
1.590759, 1574 
1.588806, 1575 
1.586854, 1576 
1.584902, 1577 
1.582950, 1578 
1.580998, 1579 
1.579046, 1580 
1.577094, 1581 
1.575142, 1582 
1.573191, 1583 
1.571239, 1584 
1.569287, 1585 
1.567336, 1586 
1.565384, 1587 
1.563433, 1588 
1.561482, 1589 
1.559530, 1590 
1.557579, 1591 
1.555628, 1592 
1.553677, 1593 
1.551726, 1594 
1.549775, 1595 
1.547825, 1596 
1.545874, 1597 
1.543923, 1598 
1.541973, 1599 
1.540022, 1600 
1.538072, 1601 
1.536121, 1602 
1.534171, 1603 
1.532220, 1604 
1.530270, 1605 
1.528320, 1606 
1.526370, 1607 
1.524420, 1608 
1.522470, 1609 
1.520520, 1610 
1.518570, 1611 
1.516621, 1612 
1.514671, 1613 
1.512721, 1614 
1.510772, 1615 
1.508822, 1616 
1.506873, 1617 
1.504923, 1618 
1.502974, 1619 
1.501025, 1620 
1.499076, 1621 
1.497127, 1622 
1.495178, 1623 
1.493229, 1624 
1.491280, 1625 
1.489331, 1626 
1.487382, 1627 
1.485433, 1628 
1.483484, 1629 
1.481536, 1630 
1.479587, 1631 
1.477639, 1632 
1.475690, 1633 
1.473742, 1634 
1.471794, 1635 
1.469845, 1636 
1.467897, 1637 
1.465949, 1638 
1.464001, 1639 
1.462053, 1640 
1.460105, 1641 
1.458157, 1642 
1.456209, 1643 
1.454262, 1644 
1.452314, 1645 
1.450366, 1646 
1.448419, 1647 
1.446471, 1648 
1.444523, 1649 
1.442576, 1650 
1.440629, 1651 
1.438681, 1652 
1.436734, 1653 
1.434787, 1654 
1.432840, 1655 
1.430893, 1656 
1.428946, 1657 
1.426999, 1658 
1.425052, 1659 
1.423105, 1660 
1.421158, 1661 
1.419211, 1662 
1.417265, 1663 
1.415318, 1664 
1.413371, 1665 
1.411425, 1666 
1.409478, 1667 
1.407532, 1668 
1.405586, 1669 
1.403639, 1670 
1.401693, 1671 
1.399747, 1672 
1.397801, 1673 
1.395855, 1674 
1.393908, 1675 
1.391962, 1676 
1.390017, 1677 
1.388071, 1678 
1.386125, 1679 
1.384179, 1680 
1.382233, 1681 
1.380288, 1682 
1.378342, 1683 
1.376396, 1684 
1.374451, 1685 
1.372505, 1686 
1.370560, 1687 
1.368615, 1688 
1.366669, 1689 
1.364724, 1690 
1.362779, 1691 
1.360834, 1692 
1.358889, 1693 
1.356944, 1694 
1.354999, 1695 
1.353054, 1696 
1.351109, 1697 
1.349164, 1698 
1.347219, 1699 
1.345274, 1700 
1.343330, 1701 
1.341385, 1702 
1.339440, 1703 
1.337496, 1704 
1.335551, 1705 
1.333607, 1706 
1.331662, 1707 
1.329718, 1708 
1.327774, 1709 
1.325829, 1710 
1.323885, 1711 
1.321941, 1712 
1.319997, 1713 
1.318053, 1714 
1.316109, 1715 
1.314165, 1716 
1.312221, 1717 
1.310277, 1718 
1.308333, 1719 
1.306389, 1720 
1.304446, 1721 
1.302502, 1722 
1.300558, 1723 
1.298615, 1724 
1.296671, 1725 
1.294727, 1726 
1.292784, 1727 
1.290841, 1728 
1.288897, 1729 
1.286954, 1730 
1.285010, 1731 
1.283067, 1732 
1.281124, 1733 
1.279181, 1734 
1.277238, 1735 
1.275295, 1736 
1.273352, 1737 
1.271409, 1738 
1.269466, 1739 
1.267523, 1740 
1.265580, 1741 
1.263637, 1742 
1.261694, 1743 
1.259752, 1744 
1.257809, 1745 
1.255866, 1746 
1.253924, 1747 
1.251981, 1748 
1.250039, 1749 
1.248096, 1750 
1.246154, 1751 
1.244211, 1752 
1.242269, 1753 
1.240327, 1754 
1.238385, 1755 
1.236442, 1756 
1.234500, 1757 
1.232558, 1758 
1.230616, 1759 
1.228674, 1760 
1.226732, 1761 
1.224790, 1762 
1.222848, 1763 
1.220906, 1764 
1.218964, 1765 
1.217022, 1766 
1.215081, 1767 
1.213139, 1768 
1.211197, 1769 
1.209256, 1770 
1.207314, 1771 
1.205372, 1772 
1.203431, 1773 
1.201489, 1774 
1.199548, 1775 
1.197607, 1776 
1.195665, 1777 
1.193724, 1778 
1.191783, 1779 
1.189841, 1780 
1.187900, 1781 
1.185959, 1782 
1.184018, 1783 
1.182077, 1784 
1.180136, 1785 
1.178195, 1786 
1.176254, 1787 
1.174313, 1788 
1.172372, 1789 
1.170431, 1790 
1.168490, 1791 
1.166549, 1792 
1.164609, 1793 
1.162668, 1794 
1.160727, 1795 
1.158787, 1796 
1.156846, 1797 
1.154905, 1798 
1.152965, 1799 
1.151024, 1800 
1.149084, 1801 
1.147143, 1802 
1.145203, 1803 
1.143263, 1804 
1.141322, 1805 
1.139382, 1806 
1.137442, 1807 
1.135502, 1808 
1.133561, 1809 
1.131621, 1810 
1.129681, 1811 
1.127741, 1812 
1.125801, 1813 
1.123861, 1814 
1.121921, 1815 
1.119981, 1816 
1.118041, 1817 
1.116101, 1818 
1.114162, 1819 
1.112222, 1820 
1.110282, 1821 
1.108342, 1822 
1.106403, 1823 
1.104463, 1824 
1.102523, 1825 
1.100584, 1826 
1.098644, 1827 
1.096705, 1828 
1.094765, 1829 
1.092826, 1830 
1.090886, 1831 
1.088947, 1832 
1.087008, 1833 
1.085068, 1834 
1.083129, 1835 
1.081190, 1836 
1.079251, 1837 
1.077311, 1838 
1.075372, 1839 
1.073433, 1840 
1.071494, 1841 
1.069555, 1842 
1.067616, 1843 
1.065677, 1844 
1.063738, 1845 
1.061799, 1846 
1.059860, 1847 
1.057921, 1848 
1.055982, 1849 
1.054044, 1850 
1.052105, 1851 
1.050166, 1852 
1.048227, 1853 
1.046289, 1854 
1.044350, 1855 
1.042411, 1856 
1.040473, 1857 
1.038534, 1858 
1.036596, 1859 
1.034657, 1860 
1.032719, 1861 
1.030780, 1862 
1.028842, 1863 
1.026903, 1864 
1.024965, 1865 
1.023027, 1866 
1.021088, 1867 
1.019150, 1868 
1.017212, 1869 
1.015274, 1870 
1.013336, 1871 
1.011397, 1872 
1.009459, 1873 
1.007521, 1874 
1.005583, 1875 
1.003645, 1876 
1.001707, 1877 
0.999769, 1878 
0.997831, 1879 
0.995893, 1880 
0.993955, 1881 
0.992018, 1882 
0.990080, 1883 
0.988142, 1884 
0.986204, 1885 
0.984266, 1886 
0.982329, 1887 
0.980391, 1888 
0.978453, 1889 
0.976516, 1890 
0.974578, 1891 
0.972641, 1892 
0.970703, 1893 
0.968765, 1894 
0.966828, 1895 
0.964890, 1896 
0.962953, 1897 
0.961016, 1898 
0.959078, 1899 
0.957141, 1900 
0.955204, 1901 
0.953266, 1902 
0.951329, 1903 
0.949392, 1904 
0.947454, 1905 
0.945517, 1906 
0.943580, 1907 
0.941643, 1908 
0.939706, 1909 
0.937769, 1910 
0.935832, 1911 
0.933895, 1912 
0.931958, 1913 
0.930021, 1914 
0.928084, 1915 
0.926147, 1916 
0.924210, 1917 
0.922273, 1918 
0.920336, 1919 
0.918399, 1920 
0.916462, 1921 
0.914525, 1922 
0.912589, 1923 
0.910652, 1924 
0.908715, 1925 
0.906779, 1926 
0.904842, 1927 
0.902905, 1928 
0.900969, 1929 
0.899032, 1930 
0.897095, 1931 
0.895159, 1932 
0.893222, 1933 
0.891286, 1934 
0.889349, 1935 
0.887413, 1936 
0.885477, 1937 
0.883540, 1938 
0.881604, 1939 
0.879667, 1940 
0.877731, 1941 
0.875795, 1942 
0.873858, 1943 
0.871922, 1944 
0.869986, 1945 
0.868050, 1946 
0.866114, 1947 
0.864177, 1948 
0.862241, 1949 
0.860305, 1950 
0.858369, 1951 
0.856433, 1952 
0.854497, 1953 
0.852561, 1954 
0.850625, 1955 
0.848689, 1956 
0.846753, 1957 
0.844817, 1958 
0.842881, 1959 
0.840945, 1960 
0.839009, 1961 
0.837073, 1962 
0.835138, 1963 
0.833202, 1964 
0.831266, 1965 
0.829330, 1966 
0.827395, 1967 
0.825459, 1968 
0.823523, 1969 
0.821587, 1970 
0.819652, 1971 
0.817716, 1972 
0.815781, 1973 
0.813845, 1974 
0.811909, 1975 
0.809974, 1976 
0.808038, 1977 
0.806103, 1978 
0.804167, 1979 
0.802232, 1980 
0.800296, 1981 
0.798361, 1982 
0.796426, 1983 
0.794490, 1984 
0.792555, 1985 
0.790620, 1986 
0.788684, 1987 
0.786749, 1988 
0.784814, 1989 
0.782878, 1990 
0.780943, 1991 
0.779008, 1992 
0.777073, 1993 
0.775138, 1994 
0.773202, 1995 
0.771267, 1996 
0.769332, 1997 
0.767397, 1998 
0.765462, 1999 
0.763527, 2000 
0.761592, 2001 
0.759657, 2002 
0.757722, 2003 
0.755787, 2004 
0.753852, 2005 
0.751917, 2006 
0.749982, 2007 
0.748047, 2008 
0.746112, 2009 
0.744177, 2010 
0.742243, 2011 
0.740308, 2012 
0.738373, 2013 
0.736438, 2014 
0.734503, 2015 
0.732569, 2016 
0.730634, 2017 
0.728699, 2018 
0.726764, 2019 
0.724830, 2020 
0.722895, 2021 
0.720961, 2022 
0.719026, 2023 
0.717091, 2024 
0.715157, 2025 
0.713222, 2026 
0.711288, 2027 
0.709353, 2028 
0.707419, 2029 
0.705484, 2030 
0.703550, 2031 
0.701615, 2032 
0.699681, 2033 
0.697746, 2034 
0.695812, 2035 
0.693877, 2036 
0.691943, 2037 
0.690009, 2038 
0.688074, 2039 
0.686140, 2040 
0.684206, 2041 
0.682272, 2042 
0.680337, 2043 
0.678403, 2044 
0.676469, 2045 
0.674535, 2046 
0.672600, 2047 
0.670666, 2048 
0.668732, 2049 
0.666798, 2050 
0.664864, 2051 
0.662930, 2052 
0.660996, 2053 
0.659061, 2054 
0.657127, 2055 
0.655193, 2056 
0.653259, 2057 
0.651325, 2058 
0.649391, 2059 
0.647457, 2060 
0.645523, 2061 
0.643589, 2062 
0.641656, 2063 
0.639722, 2064 
0.637788, 2065 
0.635854, 2066 
0.633920, 2067 
0.631986, 2068 
0.630052, 2069 
0.628118, 2070 
0.626185, 2071 
0.624251, 2072 
0.622317, 2073 
0.620383, 2074 
0.618450, 2075 
0.616516, 2076 
0.614582, 2077 
0.612648, 2078 
0.610715, 2079 
0.608781, 2080 
0.606848, 2081 
0.604914, 2082 
0.602980, 2083 
0.601047, 2084 
0.599113, 2085 
0.597180, 2086 
0.595246, 2087 
0.593312, 2088 
0.591379, 2089 
0.589445, 2090 
0.587512, 2091 
0.585578, 2092 
0.583645, 2093 
0.581711, 2094 
0.579778, 2095 
0.577845, 2096 
0.575911, 2097 
0.573978, 2098 
0.572044, 2099 
0.570111, 2100 
0.568178, 2101 
0.566244, 2102 
0.564311, 2103 
0.562378, 2104 
0.560444, 2105 
0.558511, 2106 
0.556578, 2107 
0.554645, 2108 
0.552711, 2109 
0.550778, 2110 
0.548845, 2111 
0.546912, 2112 
0.544979, 2113 
0.543046, 2114 
0.541112, 2115 
0.539179, 2116 
0.537246, 2117 
0.535313, 2118 
0.533380, 2119 
0.531447, 2120 
0.529514, 2121 
0.527581, 2122 
0.525648, 2123 
0.523715, 2124 
0.521782, 2125 
0.519849, 2126 
0.517916, 2127 
0.515983, 2128 
0.514050, 2129 
0.512117, 2130 
0.510184, 2131 
0.508251, 2132 
0.506318, 2133 
0.504385, 2134 
0.502452, 2135 
0.500519, 2136 
0.498586, 2137 
0.496654, 2138 
0.494721, 2139 
0.492788, 2140 
0.490855, 2141 
0.488922, 2142 
0.486990, 2143 
0.485057, 2144 
0.483124, 2145 
0.481191, 2146 
0.479259, 2147 
0.477326, 2148 
0.475393, 2149 
0.473460, 2150 
0.471528, 2151 
0.469595, 2152 
0.467662, 2153 
0.465730, 2154 
0.463797, 2155 
0.461865, 2156 
0.459932, 2157 
0.457999, 2158 
0.456067, 2159 
0.454134, 2160 
0.452202, 2161 
0.450269, 2162 
0.448337, 2163 
0.446404, 2164 
0.444472, 2165 
0.442539, 2166 
0.440607, 2167 
0.438674, 2168 
0.436742, 2169 
0.434809, 2170 
0.432877, 2171 
0.430944, 2172 
0.429012, 2173 
0.427080, 2174 
0.425147, 2175 
0.423215, 2176 
0.421282, 2177 
0.419350, 2178 
0.417418, 2179 
0.415485, 2180 
0.413553, 2181 
0.411621, 2182 
0.409688, 2183 
0.407756, 2184 
0.405824, 2185 
0.403892, 2186 
0.401959, 2187 
0.400027, 2188 
0.398095, 2189 
0.396163, 2190 
0.394230, 2191 
0.392298, 2192 
0.390366, 2193 
0.388434, 2194 
0.386502, 2195 
0.384569, 2196 
0.382637, 2197 
0.380705, 2198 
0.378773, 2199 
0.376841, 2200 
0.374909, 2201 
0.372977, 2202 
0.371045, 2203 
0.369113, 2204 
0.367181, 2205 
0.365248, 2206 
0.363316, 2207 
0.361384, 2208 
0.359452, 2209 
0.357520, 2210 
0.355588, 2211 
0.353656, 2212 
0.351724, 2213 
0.349792, 2214 
0.347860, 2215 
0.345928, 2216 
0.343997, 2217 
0.342065, 2218 
0.340133, 2219 
0.338201, 2220 
0.336269, 2221 
0.334337, 2222 
0.332405, 2223 
0.330473, 2224 
0.328541, 2225 
0.326610, 2226 
0.324678, 2227 
0.322746, 2228 
0.320814, 2229 
0.318882, 2230 
0.316950, 2231 
0.315019, 2232 
0.313087, 2233 
0.311155, 2234 
0.309223, 2235 
0.307292, 2236 
0.305360, 2237 
0.303428, 2238 
0.301496, 2239 
0.299565, 2240 
0.297633, 2241 
0.295701, 2242 
0.293770, 2243 
0.291838, 2244 
0.289906, 2245 
0.287975, 2246 
0.286043, 2247 
0.284111, 2248 
0.282180, 2249 
0.280248, 2250 
0.278316, 2251 
0.276385, 2252 
0.274453, 2253 
0.272522, 2254 
0.270590, 2255 
0.268658, 2256 
0.266727, 2257 
0.264795, 2258 
0.262864, 2259 
0.260932, 2260 
0.259001, 2261 
0.257069, 2262 
0.255138, 2263 
0.253206, 2264 
0.251275, 2265 
0.249343, 2266 
0.247412, 2267 
0.245480, 2268 
0.243549, 2269 
0.241617, 2270 
0.239686, 2271 
0.237754, 2272 
0.235823, 2273 
0.233892, 2274 
0.231960, 2275 
0.230029, 2276 
0.228097, 2277 
0.226166, 2278 
0.224235, 2279 
0.222303, 2280 
0.220372, 2281 
0.218441, 2282 
0.216509, 2283 
0.214578, 2284 
0.212647, 2285 
0.210715, 2286 
0.208784, 2287 
0.206853, 2288 
0.204921, 2289 
0.202990, 2290 
0.201059, 2291 
0.199128, 2292 
0.197196, 2293 
0.195265, 2294 
0.193334, 2295 
0.191403, 2296 
0.189471, 2297 
0.187540, 2298 
0.185609, 2299 
0.183678, 2300 
0.181747, 2301 
0.179815, 2302 
0.177884, 2303 
0.175953, 2304 
0.174022, 2305 
0.172091, 2306 
0.170160, 2307 
0.168228, 2308 
0.166297, 2309 
0.164366, 2310 
0.162435, 2311 
0.160504, 2312 
0.158573, 2313 
0.156642, 2314 
0.154711, 2315 
0.152780, 2316 
0.150848, 2317 
0.148917, 2318 
0.146986, 2319 
0.145055, 2320 
0.143124, 2321 
0.141193, 2322 
0.139262, 2323 
0.137331, 2324 
0.135400, 2325 
0.133469, 2326 
0.131538, 2327 
0.129607, 2328 
0.127676, 2329 
0.125745, 2330 
0.123814, 2331 
0.121883, 2332 
0.119952, 2333 
0.118021, 2334 
0.116090, 2335 
0.114159, 2336 
0.112229, 2337 
0.110298, 2338 
0.108367, 2339 
0.106436, 2340 
0.104505, 2341 
0.102574, 2342 
0.100643, 2343 
0.098712, 2344 
0.096781, 2345 
0.094851, 2346 
0.092920, 2347 
0.090989, 2348 
0.089058, 2349 
0.087127, 2350 
0.085196, 2351 
0.083265, 2352 
0.081335, 2353 
0.079404, 2354 
0.077473, 2355 
0.075542, 2356 
0.073611, 2357 
0.071681, 2358 
0.069750, 2359 
0.067819, 2360 
0.065888, 2361 
0.063958, 2362 
0.062027, 2363 
0.060096, 2364 
0.058165, 2365 
0.056235, 2366 
0.054304, 2367 
0.052373, 2368 
0.050442, 2369 
0.048512, 2370 
0.046581, 2371 
0.044650, 2372 
0.042720, 2373 
0.040789, 2374 
0.038858, 2375 
0.036928, 2376 
0.034997, 2377 
0.033066, 2378 
0.031136, 2379 
0.029205, 2380 
0.027274, 2381 
0.025344, 2382 
0.023413, 2383 
0.021482, 2384 
0.019552, 2385 
0.017621, 2386 
0.015691, 2387 
0.013760, 2388 
0.011829, 2389 
0.009899, 2390 
0.007968, 2391 
0.006038, 2392 
0.004107, 2393 
0.002176, 2394 
0.000246, 2395 
-0.001685, 2396 
-0.003615, 2397 
-0.005546, 2398 
-0.007476, 2399 
-0.009407, 2400 
-0.011337, 2401 
-0.013268, 2402 
-0.015198, 2403 
-0.017129, 2404 
-0.019059, 2405 
-0.020990, 2406 
-0.022920, 2407 
-0.024851, 2408 
-0.026781, 2409 
-0.028712, 2410 
-0.030642, 2411 
-0.032573, 2412 
-0.034503, 2413 
-0.036434, 2414 
-0.038364, 2415 
-0.040295, 2416 
-0.042225, 2417 
-0.044155, 2418 
-0.046086, 2419 
-0.048016, 2420 
-0.049947, 2421 
-0.051877, 2422 
-0.053807, 2423 
-0.055738, 2424 
-0.057668, 2425 
-0.059599, 2426 
-0.061529, 2427 
-0.063459, 2428 
-0.065390, 2429 
-0.067320, 2430 
-0.069250, 2431 
-0.071181, 2432 
-0.073111, 2433 
-0.075042, 2434 
-0.076972, 2435 
-0.078902, 2436 
-0.080833, 2437 
-0.082763, 2438 
-0.084693, 2439 
-0.086624, 2440 
-0.088554, 2441 
-0.090484, 2442 
-0.092414, 2443 
-0.094345, 2444 
-0.096275, 2445 
-0.098205, 2446 
-0.100136, 2447 
-0.102066, 2448 
-0.103996, 2449 
-0.105926, 2450 
-0.107857, 2451 
-0.109787, 2452 
-0.111717, 2453 
-0.113647, 2454 
-0.115578, 2455 
-0.117508, 2456 
-0.119438, 2457 
-0.121368, 2458 
-0.123299, 2459 
-0.125229, 2460 
-0.127159, 2461 
-0.129089, 2462 
-0.131019, 2463 
-0.132950, 2464 
-0.134880, 2465 
-0.136810, 2466 
-0.138740, 2467 
-0.140670, 2468 
-0.142600, 2469 
-0.144531, 2470 
-0.146461, 2471 
-0.148391, 2472 
-0.150321, 2473 
-0.152251, 2474 
-0.154181, 2475 
-0.156112, 2476 
-0.158042, 2477 
-0.159972, 2478 
-0.161902, 2479 
-0.163832, 2480 
-0.165762, 2481 
-0.167692, 2482 
-0.169622, 2483 
-0.171553, 2484 
-0.173483, 2485 
-0.175413, 2486 
-0.177343, 2487 
-0.179273, 2488 
-0.181203, 2489 
-0.183133, 2490 
-0.185063, 2491 
-0.186993, 2492 
-0.188923, 2493 
-0.190853, 2494 
-0.192783, 2495 
-0.194713, 2496 
-0.196644, 2497 
-0.198574, 2498 
-0.200504, 2499 
-0.202434, 2500 
-0.204364, 2501 
-0.206294, 2502 
-0.208224, 2503 
-0.210154, 2504 
-0.212084, 2505 
-0.214014, 2506 
-0.215944, 2507 
-0.217874, 2508 
-0.219804, 2509 
-0.221734, 2510 
-0.223664, 2511 
-0.225594, 2512 
-0.227524, 2513 
-0.229454, 2514 
-0.231384, 2515 
-0.233314, 2516 
-0.235244, 2517 
-0.237174, 2518 
-0.239104, 2519 
-0.241034, 2520 
-0.242963, 2521 
-0.244893, 2522 
-0.246823, 2523 
-0.248753, 2524 
-0.250683, 2525 
-0.252613, 2526 
-0.254543, 2527 
-0.256473, 2528 
-0.258403, 2529 
-0.260333, 2530 
-0.262263, 2531 
-0.264193, 2532 
-0.266123, 2533 
-0.268052, 2534 
-0.269982, 2535 
-0.271912, 2536 
-0.273842, 2537 
-0.275772, 2538 
-0.277702, 2539 
-0.279632, 2540 
-0.281562, 2541 
-0.283492, 2542 
-0.285421, 2543 
-0.287351, 2544 
-0.289281, 2545 
-0.291211, 2546 
-0.293141, 2547 
-0.295071, 2548 
-0.297001, 2549 
-0.298930, 2550 
-0.300860, 2551 
-0.302790, 2552 
-0.304720, 2553 
-0.306650, 2554 
-0.308580, 2555 
-0.310509, 2556 
-0.312439, 2557 
-0.314369, 2558 
-0.316299, 2559 
-0.318229, 2560 
-0.320158, 2561 
-0.322088, 2562 
-0.324018, 2563 
-0.325948, 2564 
-0.327878, 2565 
-0.329807, 2566 
-0.331737, 2567 
-0.333667, 2568 
-0.335597, 2569 
-0.337527, 2570 
-0.339456, 2571 
-0.341386, 2572 
-0.343316, 2573 
-0.345246, 2574 
-0.347175, 2575 
-0.349105, 2576 
-0.351035, 2577 
-0.352965, 2578 
-0.354894, 2579 
-0.356824, 2580 
-0.358754, 2581 
-0.360684, 2582 
-0.362613, 2583 
-0.364543, 2584 
-0.366473, 2585 
-0.368402, 2586 
-0.370332, 2587 
-0.372262, 2588 
-0.374192, 2589 
-0.376121, 2590 
-0.378051, 2591 
-0.379981, 2592 
-0.381910, 2593 
-0.383840, 2594 
-0.385770, 2595 
-0.387699, 2596 
-0.389629, 2597 
-0.391559, 2598 
-0.393488, 2599 
-0.395418, 2600 
-0.397348, 2601 
-0.399277, 2602 
-0.401207, 2603 
-0.403137, 2604 
-0.405066, 2605 
-0.406996, 2606 
-0.408926, 2607 
-0.410855, 2608 
-0.412785, 2609 
-0.414715, 2610 
-0.416644, 2611 
-0.418574, 2612 
-0.420504, 2613 
-0.422433, 2614 
-0.424363, 2615 
-0.426293, 2616 
-0.428222, 2617 
-0.430152, 2618 
-0.432081, 2619 
-0.434011, 2620 
-0.435941, 2621 
-0.437870, 2622 
-0.439800, 2623 
-0.441729, 2624 
-0.443659, 2625 
-0.445589, 2626 
-0.447518, 2627 
-0.449448, 2628 
-0.451377, 2629 
-0.453307, 2630 
-0.455237, 2631 
-0.457166, 2632 
-0.459096, 2633 
-0.461025, 2634 
-0.462955, 2635 
-0.464884, 2636 
-0.466814, 2637 
-0.468744, 2638 
-0.470673, 2639 
-0.472603, 2640 
-0.474532, 2641 
-0.476462, 2642 
-0.478391, 2643 
-0.480321, 2644 
-0.482250, 2645 
-0.484180, 2646 
-0.486110, 2647 
-0.488039, 2648 
-0.489969, 2649 
-0.491898, 2650 
-0.493828, 2651 
-0.495757, 2652 
-0.497687, 2653 
-0.499616, 2654 
-0.501546, 2655 
-0.503475, 2656 
-0.505405, 2657 
-0.507334, 2658 
-0.509264, 2659 
-0.511193, 2660 
-0.513123, 2661 
-0.515052, 2662 
-0.516982, 2663 
-0.518911, 2664 
-0.520841, 2665 
-0.522770, 2666 
-0.524700, 2667 
-0.526629, 2668 
-0.528559, 2669 
-0.530488, 2670 
-0.532418, 2671 
-0.534347, 2672 
-0.536277, 2673 
-0.538206, 2674 
-0.540136, 2675 
-0.542065, 2676 
-0.543994, 2677 
-0.545924, 2678 
-0.547853, 2679 
-0.549783, 2680 
-0.551712, 2681 
-0.553642, 2682 
-0.555571, 2683 
-0.557501, 2684 
-0.559430, 2685 
-0.561360, 2686 
-0.563289, 2687 
-0.565218, 2688 
-0.567148, 2689 
-0.569077, 2690 
-0.571007, 2691 
-0.572936, 2692 
-0.574866, 2693 
-0.576795, 2694 
-0.578724, 2695 
-0.580654, 2696 
-0.582583, 2697 
-0.584513, 2698 
-0.586442, 2699 
-0.588371, 2700 
-0.590301, 2701 
-0.592230, 2702 
-0.594160, 2703 
-0.596089, 2704 
-0.598018, 2705 
-0.599948, 2706 
-0.601877, 2707 
-0.603807, 2708 
-0.605736, 2709 
-0.607665, 2710 
-0.609595, 2711 
-0.611524, 2712 
-0.613454, 2713 
-0.615383, 2714 
-0.617312, 2715 
-0.619242, 2716 
-0.621171, 2717 
-0.623100, 2718 
-0.625030, 2719 
-0.626959, 2720 
-0.628889, 2721 
-0.630818, 2722 
-0.632747, 2723 
-0.634677, 2724 
-0.636606, 2725 
-0.638535, 2726 
-0.640465, 2727 
-0.642394, 2728 
-0.644323, 2729 
-0.646253, 2730 
-0.648182, 2731 
-0.650111, 2732 
-0.652041, 2733 
-0.653970, 2734 
-0.655899, 2735 
-0.657829, 2736 
-0.659758, 2737 
-0.661687, 2738 
-0.663617, 2739 
-0.665546, 2740 
-0.667475, 2741 
-0.669405, 2742 
-0.671334, 2743 
-0.673263, 2744 
-0.675193, 2745 
-0.677122, 2746 
-0.679051, 2747 
-0.680981, 2748 
-0.682910, 2749 
-0.684839, 2750 
-0.686768, 2751 
-0.688698, 2752 
-0.690627, 2753 
-0.692556, 2754 
-0.694486, 2755 
-0.696415, 2756 
-0.698344, 2757 
-0.700273, 2758 
-0.702203, 2759 
-0.704132, 2760 
-0.706061, 2761 
-0.707991, 2762 
-0.709920, 2763 
-0.711849, 2764 
-0.713778, 2765 
-0.715708, 2766 
-0.717637, 2767 
-0.719566, 2768 
-0.721496, 2769 
-0.723425, 2770 
-0.725354, 2771 
-0.727283, 2772 
-0.729213, 2773 
-0.731142, 2774 
-0.733071, 2775 
-0.735000, 2776 
-0.736930, 2777 
-0.738859, 2778 
-0.740788, 2779 
-0.742717, 2780 
-0.744647, 2781 
-0.746576, 2782 
-0.748505, 2783 
-0.750434, 2784 
-0.752364, 2785 
-0.754293, 2786 
-0.756222, 2787 
-0.758151, 2788 
-0.760081, 2789 
-0.762010, 2790 
-0.763939, 2791 
-0.765868, 2792 
-0.767797, 2793 
-0.769727, 2794 
-0.771656, 2795 
-0.773585, 2796 
-0.775514, 2797 
-0.777444, 2798 
-0.779373, 2799 
-0.781302, 2800 
-0.783231, 2801 
-0.785160, 2802 
-0.787090, 2803 
-0.789019, 2804 
-0.790948, 2805 
-0.792877, 2806 
-0.794806, 2807 
-0.796736, 2808 
-0.798665, 2809 
-0.800594, 2810 
-0.802523, 2811 
-0.804452, 2812 
-0.806382, 2813 
-0.808311, 2814 
-0.810240, 2815 
-0.812169, 2816 
-0.814098, 2817 
-0.816028, 2818 
-0.817957, 2819 
-0.819886, 2820 
-0.821815, 2821 
-0.823744, 2822 
-0.825673, 2823 
-0.827603, 2824 
-0.829532, 2825 
-0.831461, 2826 
-0.833390, 2827 
-0.835319, 2828 
-0.837248, 2829 
-0.839178, 2830 
-0.841107, 2831 
-0.843036, 2832 
-0.844965, 2833 
-0.846894, 2834 
-0.848823, 2835 
-0.850753, 2836 
-0.852682, 2837 
-0.854611, 2838 
-0.856540, 2839 
-0.858469, 2840 
-0.860398, 2841 
-0.862327, 2842 
-0.864257, 2843 
-0.866186, 2844 
-0.868115, 2845 
-0.870044, 2846 
-0.871973, 2847 
-0.873902, 2848 
-0.875831, 2849 
-0.877761, 2850 
-0.879690, 2851 
-0.881619, 2852 
-0.883548, 2853 
-0.885477, 2854 
-0.887406, 2855 
-0.889335, 2856 
-0.891264, 2857 
-0.893194, 2858 
-0.895123, 2859 
-0.897052, 2860 
-0.898981, 2861 
-0.900910, 2862 
-0.902839, 2863 
-0.904768, 2864 
-0.906697, 2865 
-0.908627, 2866 
-0.910556, 2867 
-0.912485, 2868 
-0.914414, 2869 
-0.916343, 2870 
-0.918272, 2871 
-0.920201, 2872 
-0.922130, 2873 
-0.924059, 2874 
-0.925989, 2875 
-0.927918, 2876 
-0.929847, 2877 
-0.931776, 2878 
-0.933705, 2879 
-0.935634, 2880 
-0.937563, 2881 
-0.939492, 2882 
-0.941421, 2883 
-0.943350, 2884 
-0.945279, 2885 
-0.947209, 2886 
-0.949138, 2887 
-0.951067, 2888 
-0.952996, 2889 
-0.954925, 2890 
-0.956854, 2891 
-0.958783, 2892 
-0.960712, 2893 
-0.962641, 2894 
-0.964570, 2895 
-0.966499, 2896 
-0.968428, 2897 
-0.970358, 2898 
-0.972287, 2899 
-0.974216, 2900 
-0.976145, 2901 
-0.978074, 2902 
-0.980003, 2903 
-0.981932, 2904 
-0.983861, 2905 
-0.985790, 2906 
-0.987719, 2907 
-0.989648, 2908 
-0.991577, 2909 
-0.993506, 2910 
-0.995435, 2911 
-0.997364, 2912 
-0.999293, 2913 
-1.001223, 2914 
-1.003152, 2915 
-1.005081, 2916 
-1.007010, 2917 
-1.008939, 2918 
-1.010868, 2919 
-1.012797, 2920 
-1.014726, 2921 
-1.016655, 2922 
-1.018584, 2923 
-1.020513, 2924 
-1.022442, 2925 
-1.024371, 2926 
-1.026300, 2927 
-1.028229, 2928 
-1.030158, 2929 
-1.032087, 2930 
-1.034016, 2931 
-1.035945, 2932 
-1.037874, 2933 
-1.039803, 2934 
-1.041732, 2935 
-1.043661, 2936 
-1.045590, 2937 
-1.047519, 2938 
-1.049448, 2939 
-1.051377, 2940 
-1.053306, 2941 
-1.055236, 2942 
-1.057165, 2943 
-1.059094, 2944 
-1.061023, 2945 
-1.062952, 2946 
-1.064881, 2947 
-1.066810, 2948 
-1.068739, 2949 
-1.070668, 2950 
-1.072597, 2951 
-1.074526, 2952 
-1.076455, 2953 
-1.078384, 2954 
-1.080313, 2955 
-1.082242, 2956 
-1.084171, 2957 
-1.086100, 2958 
-1.088029, 2959 
-1.089958, 2960 
-1.091887, 2961 
-1.093816, 2962 
-1.095745, 2963 
-1.097674, 2964 
-1.099603, 2965 
-1.101532, 2966 
-1.103461, 2967 
-1.105390, 2968 
-1.107319, 2969 
-1.109248, 2970 
-1.111177, 2971 
-1.113106, 2972 
-1.115035, 2973 
-1.116964, 2974 
-1.118893, 2975 
-1.120822, 2976 
-1.122751, 2977 
-1.124680, 2978 
-1.126609, 2979 
-1.128538, 2980 
-1.130467, 2981 
-1.132396, 2982 
-1.134325, 2983 
-1.136253, 2984 
-1.138182, 2985 
-1.140111, 2986 
-1.142040, 2987 
-1.143969, 2988 
-1.145898, 2989 
-1.147827, 2990 
-1.149756, 2991 
-1.151685, 2992 
-1.153614, 2993 
-1.155543, 2994 
-1.157472, 2995 
-1.159401, 2996 
-1.161330, 2997 
-1.163259, 2998 
-1.165188, 2999 
-1.167117, 3000 
-1.169046, 3001 
-1.170975, 3002 
-1.172904, 3003 
-1.174833, 3004 
-1.176762, 3005 
-1.178691, 3006 
-1.180620, 3007 
-1.182549, 3008 
-1.184478, 3009 
-1.186407, 3010 
-1.188336, 3011 
-1.190265, 3012 
-1.192193, 3013 
-1.194122, 3014 
-1.196051, 3015 
-1.197980, 3016 
-1.199909, 3017 
-1.201838, 3018 
-1.203767, 3019 
-1.205696, 3020 
-1.207625, 3021 
-1.209554, 3022 
-1.211483, 3023 
-1.213412, 3024 
-1.215341, 3025 
-1.217270, 3026 
-1.219199, 3027 
-1.221128, 3028 
-1.223057, 3029 
-1.224986, 3030 
-1.226915, 3031 
-1.228843, 3032 
-1.230772, 3033 
-1.232701, 3034 
-1.234630, 3035 
-1.236559, 3036 
-1.238488, 3037 
-1.240417, 3038 
-1.242346, 3039 
-1.244275, 3040 
-1.246204, 3041 
-1.248133, 3042 
-1.250062, 3043 
-1.251991, 3044 
-1.253920, 3045 
-1.255848, 3046 
-1.257777, 3047 
-1.259706, 3048 
-1.261635, 3049 
-1.263564, 3050 
-1.265493, 3051 
-1.267422, 3052 
-1.269351, 3053 
-1.271280, 3054 
-1.273209, 3055 
-1.275138, 3056 
-1.277067, 3057 
-1.278996, 3058 
-1.280924, 3059 
-1.282853, 3060 
-1.284782, 3061 
-1.286711, 3062 
-1.288640, 3063 
-1.290569, 3064 
-1.292498, 3065 
-1.294427, 3066 
-1.296356, 3067 
-1.298285, 3068 
-1.300214, 3069 
-1.302142, 3070 
-1.304071, 3071 
-1.306000, 3072 
-1.307929, 3073 
-1.309858, 3074 
-1.311787, 3075 
-1.313716, 3076 
-1.315645, 3077 
-1.317574, 3078 
-1.319503, 3079 
-1.321432, 3080 
-1.323360, 3081 
-1.325289, 3082 
-1.327218, 3083 
-1.329147, 3084 
-1.331076, 3085 
-1.333005, 3086 
-1.334934, 3087 
-1.336863, 3088 
-1.338792, 3089 
-1.340720, 3090 
-1.342649, 3091 
-1.344578, 3092 
-1.346507, 3093 
-1.348436, 3094 
-1.350365, 3095 
-1.352294, 3096 
-1.354223, 3097 
-1.356152, 3098 
-1.358080, 3099 
-1.360009, 3100 
-1.361938, 3101 
-1.363867, 3102 
-1.365796, 3103 
-1.367725, 3104 
-1.369654, 3105 
-1.371583, 3106 
-1.373512, 3107 
-1.375440, 3108 
-1.377369, 3109 
-1.379298, 3110 
-1.381227, 3111 
-1.383156, 3112 
-1.385085, 3113 
-1.387014, 3114 
-1.388943, 3115 
-1.390871, 3116 
-1.392800, 3117 
-1.394729, 3118 
-1.396658, 3119 
-1.398587, 3120 
-1.400516, 3121 
-1.402445, 3122 
-1.404374, 3123 
-1.406302, 3124 
-1.408231, 3125 
-1.410160, 3126 
-1.412089, 3127 
-1.414018, 3128 
-1.415947, 3129 
-1.417876, 3130 
-1.419805, 3131 
-1.421733, 3132 
-1.423662, 3133 
-1.425591, 3134 
-1.427520, 3135 
-1.429449, 3136 
-1.431378, 3137 
-1.433307, 3138 
-1.435235, 3139 
-1.437164, 3140 
-1.439093, 3141 
-1.441022, 3142 
-1.442951, 3143 
-1.444880, 3144 
-1.446809, 3145 
-1.448738, 3146 
-1.450666, 3147 
-1.452595, 3148 
-1.454524, 3149 
-1.456453, 3150 
-1.458382, 3151 
-1.460311, 3152 
-1.462240, 3153 
-1.464168, 3154 
-1.466097, 3155 
-1.468026, 3156 
-1.469955, 3157 
-1.471884, 3158 
-1.473813, 3159 
-1.475741, 3160 
-1.477670, 3161 
-1.479599, 3162 
-1.481528, 3163 
-1.483457, 3164 
-1.485386, 3165 
-1.487315, 3166 
-1.489243, 3167 
-1.491172, 3168 
-1.493101, 3169 
-1.495030, 3170 
-1.496959, 3171 
-1.498888, 3172 
-1.500816, 3173 
-1.502745, 3174 
-1.504674, 3175 
-1.506603, 3176 
-1.508532, 3177 
-1.510461, 3178 
-1.512390, 3179 
-1.514318, 3180 
-1.516247, 3181 
-1.518176, 3182 
-1.520105, 3183 
-1.522034, 3184 
-1.523963, 3185 
-1.525891, 3186 
-1.527820, 3187 
-1.529749, 3188 
-1.531678, 3189 
-1.533607, 3190 
-1.535536, 3191 
-1.537464, 3192 
-1.539393, 3193 
-1.541322, 3194 
-1.543251, 3195 
-1.545180, 3196 
-1.547109, 3197 
-1.549037, 3198 
-1.550966, 3199 
-1.552895, 3200 
-1.554824, 3201 
-1.556753, 3202 
-1.558682, 3203 
-1.560610, 3204 
-1.562539, 3205 
-1.564468, 3206 
-1.566397, 3207 
-1.568326, 3208 
-1.570255, 3209 
-1.572183, 3210 
-1.574112, 3211 
-1.576041, 3212 
-1.577970, 3213 
-1.579899, 3214 
-1.581827, 3215 
-1.583756, 3216 
-1.585685, 3217 
-1.587614, 3218 
-1.589543, 3219 
-1.591472, 3220 
-1.593400, 3221 
-1.595329, 3222 
-1.597258, 3223 
-1.599187, 3224 
-1.601116, 3225 
-1.603045, 3226 
-1.604973, 3227 
-1.606902, 3228 
-1.608831, 3229 
-1.610760, 3230 
-1.612689, 3231 
-1.614617, 3232 
-1.616546, 3233 
-1.618475, 3234 
-1.620404, 3235 
-1.622333, 3236 
-1.624261, 3237 
-1.626190, 3238 
-1.628119, 3239 
-1.630048, 3240 
-1.631977, 3241 
-1.633906, 3242 
-1.635834, 3243 
-1.637763, 3244 
-1.639692, 3245 
-1.641621, 3246 
-1.643550, 3247 
-1.645478, 3248 
-1.647407, 3249 
-1.649336, 3250 
-1.651265, 3251 
-1.653194, 3252 
-1.655122, 3253 
-1.657051, 3254 
-1.658980, 3255 
-1.660909, 3256 
-1.662838, 3257 
-1.664766, 3258 
-1.666695, 3259 
-1.668624, 3260 
-1.670553, 3261 
-1.672482, 3262 
-1.674410, 3263 
-1.676339, 3264 
-1.678268, 3265 
-1.680197, 3266 
-1.682126, 3267 
-1.684054, 3268 
-1.685983, 3269 
-1.687912, 3270 
-1.689841, 3271 
-1.691770, 3272 
-1.693698, 3273 
-1.695627, 3274 
-1.697556, 3275 
-1.699485, 3276 
-1.701414, 3277 
-1.703342, 3278 
-1.705271, 3279 
-1.707200, 3280 
-1.709129, 3281 
-1.711058, 3282 
-1.712986, 3283 
-1.714915, 3284 
-1.716844, 3285 
-1.718773, 3286 
-1.720702, 3287 
-1.722630, 3288 
-1.724559, 3289 
-1.726488, 3290 
-1.728417, 3291 
-1.730346, 3292 
-1.732274, 3293 
-1.734203, 3294 
-1.736132, 3295 
-1.738061, 3296 
-1.739990, 3297 
-1.741918, 3298 
-1.743847, 3299 
-1.745776, 3300 
-1.747705, 3301 
-1.749633, 3302 
-1.751562, 3303 
-1.753491, 3304 
-1.755420, 3305 
-1.757349, 3306 
-1.759277, 3307 
-1.761206, 3308 
-1.763135, 3309 
-1.765064, 3310 
-1.766993, 3311 
-1.768921, 3312 
-1.770850, 3313 
-1.772779, 3314 
-1.774708, 3315 
-1.776636, 3316 
-1.778565, 3317 
-1.780494, 3318 
-1.782423, 3319 
-1.784352, 3320 
-1.786280, 3321 
-1.788209, 3322 
-1.790138, 3323 
-1.792067, 3324 
-1.793996, 3325 
-1.795924, 3326 
-1.797853, 3327 
-1.799782, 3328 
-1.801711, 3329 
-1.803639, 3330 
-1.805568, 3331 
-1.807497, 3332 
-1.809426, 3333 
-1.811355, 3334 
-1.813283, 3335 
-1.815212, 3336 
-1.817141, 3337 
-1.819070, 3338 
-1.820998, 3339 
-1.822927, 3340 
-1.824856, 3341 
-1.826785, 3342 
-1.828714, 3343 
-1.830642, 3344 
-1.832571, 3345 
-1.834500, 3346 
-1.836429, 3347 
-1.838357, 3348 
-1.840286, 3349 
-1.842215, 3350 
-1.844144, 3351 
-1.846072, 3352 
-1.848001, 3353 
-1.849930, 3354 
-1.851859, 3355 
-1.853788, 3356 
-1.855716, 3357 
-1.857645, 3358 
-1.859574, 3359 
-1.861503, 3360 
-1.863431, 3361 
-1.865360, 3362 
-1.867289, 3363 
-1.869218, 3364 
-1.871146, 3365 
-1.873075, 3366 
-1.875004, 3367 
-1.876933, 3368 
-1.878862, 3369 
-1.880790, 3370 
-1.882719, 3371 
-1.884648, 3372 
-1.886577, 3373 
-1.888505, 3374 
-1.890434, 3375 
-1.892363, 3376 
-1.894292, 3377 
-1.896220, 3378 
-1.898149, 3379 
-1.900078, 3380 
-1.902007, 3381 
-1.903935, 3382 
-1.905864, 3383 
-1.907793, 3384 
-1.909722, 3385 
-1.911651, 3386 
-1.913579, 3387 
-1.915508, 3388 
-1.917437, 3389 
-1.919366, 3390 
-1.921294, 3391 
-1.923223, 3392 
-1.925152, 3393 
-1.927081, 3394 
-1.929009, 3395 
-1.930938, 3396 
-1.932867, 3397 
-1.934796, 3398 
-1.936724, 3399 
-1.938653, 3400 
-1.940582, 3401 
-1.942511, 3402 
-1.944439, 3403 
-1.946368, 3404 
-1.948297, 3405 
-1.950226, 3406 
-1.952154, 3407 
-1.954083, 3408 
-1.956012, 3409 
-1.957941, 3410 
-1.959869, 3411 
-1.961798, 3412 
-1.963727, 3413 
-1.965656, 3414 
-1.967585, 3415 
-1.969513, 3416 
-1.971442, 3417 
-1.973371, 3418 
-1.975300, 3419 
-1.977228, 3420 
-1.979157, 3421 
-1.981086, 3422 
-1.983015, 3423 
-1.984943, 3424 
-1.986872, 3425 
-1.988801, 3426 
-1.990730, 3427 
-1.992658, 3428 
-1.994587, 3429 
-1.996516, 3430 
-1.998445, 3431 
-2.000373, 3432 
-2.002302, 3433 
-2.004231, 3434 
-2.006160, 3435 
-2.008088, 3436 
-2.010017, 3437 
-2.011946, 3438 
-2.013875, 3439 
-2.015803, 3440 
-2.017732, 3441 
-2.019661, 3442 
-2.021590, 3443 
-2.023518, 3444 
-2.025447, 3445 
-2.027376, 3446 
-2.029305, 3447 
-2.031233, 3448 
-2.033162, 3449 
-2.035091, 3450 
-2.037019, 3451 
-2.038948, 3452 
-2.040877, 3453 
-2.042806, 3454 
-2.044734, 3455 
-2.046663, 3456 
-2.048592, 3457 
-2.050521, 3458 
-2.052449, 3459 
-2.054378, 3460 
-2.056307, 3461 
-2.058236, 3462 
-2.060164, 3463 
-2.062093, 3464 
-2.064022, 3465 
-2.065951, 3466 
-2.067879, 3467 
-2.069808, 3468 
-2.071737, 3469 
-2.073666, 3470 
-2.075594, 3471 
-2.077523, 3472 
-2.079452, 3473 
-2.081381, 3474 
-2.083309, 3475 
-2.085238, 3476 
-2.087167, 3477 
-2.089096, 3478 
-2.091024, 3479 
-2.092953, 3480 
-2.094882, 3481 
-2.096811, 3482 
-2.098739, 3483 
-2.100668, 3484 
-2.102597, 3485 
-2.104525, 3486 
-2.106454, 3487 
-2.108383, 3488 
-2.110312, 3489 
-2.112240, 3490 
-2.114169, 3491 
-2.116098, 3492 
-2.118027, 3493 
-2.119955, 3494 
-2.121884, 3495 
-2.123813, 3496 
-2.125742, 3497 
-2.127670, 3498 
-2.129599, 3499 
-2.131528, 3500 
-2.133457, 3501 
-2.135385, 3502 
-2.137314, 3503 
-2.139243, 3504 
-2.141171, 3505 
-2.143100, 3506 
-2.145029, 3507 
-2.146958, 3508 
-2.148886, 3509 
-2.150815, 3510 
-2.152744, 3511 
-2.154673, 3512 
-2.156601, 3513 
-2.158530, 3514 
-2.160459, 3515 
-2.162388, 3516 
-2.164316, 3517 
-2.166245, 3518 
-2.168174, 3519 
-2.170102, 3520 
-2.172031, 3521 
-2.173960, 3522 
-2.175889, 3523 
-2.177817, 3524 
-2.179746, 3525 
-2.181675, 3526 
-2.183604, 3527 
-2.185532, 3528 
-2.187461, 3529 
-2.189390, 3530 
-2.191318, 3531 
-2.193247, 3532 
-2.195176, 3533 
-2.197105, 3534 
-2.199033, 3535 
-2.200962, 3536 
-2.202891, 3537 
-2.204820, 3538 
-2.206748, 3539 
-2.208677, 3540 
-2.210606, 3541 
-2.212535, 3542 
-2.214463, 3543 
-2.216392, 3544 
-2.218321, 3545 
-2.220249, 3546 
-2.222178, 3547 
-2.224107, 3548 
-2.226036, 3549 
-2.227964, 3550 
-2.229893, 3551 
-2.231822, 3552 
-2.233751, 3553 
-2.235679, 3554 
-2.237608, 3555 
-2.239537, 3556 
-2.241465, 3557 
-2.243394, 3558 
-2.245323, 3559 
-2.247252, 3560 
-2.249180, 3561 
-2.251109, 3562 
-2.253038, 3563 
-2.254966, 3564 
-2.256895, 3565 
-2.258824, 3566 
-2.260753, 3567 
-2.262681, 3568 
-2.264610, 3569 
-2.266539, 3570 
-2.268468, 3571 
-2.270396, 3572 
-2.272325, 3573 
-2.274254, 3574 
-2.276182, 3575 
-2.278111, 3576 
-2.280040, 3577 
-2.281969, 3578 
-2.283897, 3579 
-2.285826, 3580 
-2.287755, 3581 
-2.289684, 3582 
-2.291612, 3583 
-2.293541, 3584 
-2.295470, 3585 
-2.297398, 3586 
-2.299327, 3587 
-2.301256, 3588 
-2.303185, 3589 
-2.305113, 3590 
-2.307042, 3591 
-2.308971, 3592 
-2.310899, 3593 
-2.312828, 3594 
-2.314757, 3595 
-2.316686, 3596 
-2.318614, 3597 
-2.320543, 3598 
-2.322472, 3599 
-2.324400, 3600 
-2.326329, 3601 
-2.328258, 3602 
-2.330187, 3603 
-2.332115, 3604 
-2.334044, 3605 
-2.335973, 3606 
-2.337902, 3607 
-2.339830, 3608 
-2.341759, 3609 
-2.343688, 3610 
-2.345616, 3611 
-2.347545, 3612 
-2.349474, 3613 
-2.351403, 3614 
-2.353331, 3615 
-2.355260, 3616 
-2.357189, 3617 
-2.359117, 3618 
-2.361046, 3619 
-2.362975, 3620 
-2.364904, 3621 
-2.366832, 3622 
-2.368761, 3623 
-2.370690, 3624 
-2.372618, 3625 
-2.374547, 3626 
-2.376476, 3627 
-2.378405, 3628 
-2.380333, 3629 
-2.382262, 3630 
-2.384191, 3631 
-2.386119, 3632 
-2.388048, 3633 
-2.389977, 3634 
-2.391906, 3635 
-2.393834, 3636 
-2.395763, 3637 
-2.397692, 3638 
-2.399620, 3639 
-2.401549, 3640 
-2.403478, 3641 
-2.405407, 3642 
-2.407335, 3643 
-2.409264, 3644 
-2.411193, 3645 
-2.413121, 3646 
-2.415050, 3647 
-2.416979, 3648 
-2.418908, 3649 
-2.420836, 3650 
-2.422765, 3651 
-2.424694, 3652 
-2.426622, 3653 
-2.428551, 3654 
-2.430480, 3655 
-2.432409, 3656 
-2.434337, 3657 
-2.436266, 3658 
-2.438195, 3659 
-2.440123, 3660 
-2.442052, 3661 
-2.443981, 3662 
-2.445910, 3663 
-2.447838, 3664 
-2.449767, 3665 
-2.451696, 3666 
-2.453624, 3667 
-2.455553, 3668 
-2.457482, 3669 
-2.459411, 3670 
-2.461339, 3671 
-2.463268, 3672 
-2.465197, 3673 
-2.467125, 3674 
-2.469054, 3675 
-2.470983, 3676 
-2.472911, 3677 
-2.474840, 3678 
-2.476769, 3679 
-2.478698, 3680 
-2.480626, 3681 
-2.482555, 3682 
-2.484484, 3683 
-2.486412, 3684 
-2.488341, 3685 
-2.490270, 3686 
-2.492199, 3687 
-2.494127, 3688 
-2.496056, 3689 
-2.497985, 3690 
-2.499913, 3691 
-2.501842, 3692 
-2.503771, 3693 
-2.505700, 3694 
-2.507628, 3695 
-2.509557, 3696 
-2.511486, 3697 
-2.513414, 3698 
-2.515343, 3699 
-2.517272, 3700 
-2.519200, 3701 
-2.521129, 3702 
-2.523058, 3703 
-2.524987, 3704 
-2.526915, 3705 
-2.528844, 3706 
-2.530773, 3707 
-2.532701, 3708 
-2.534630, 3709 
-2.536559, 3710 
-2.538488, 3711 
-2.540416, 3712 
-2.542345, 3713 
-2.544274, 3714 
-2.546202, 3715 
-2.548131, 3716 
-2.550060, 3717 
-2.551988, 3718 
-2.553917, 3719 
-2.555846, 3720 
-2.557775, 3721 
-2.559703, 3722 
-2.561632, 3723 
-2.563561, 3724 
-2.565489, 3725 
-2.567418, 3726 
-2.569347, 3727 
-2.571276, 3728 
-2.573204, 3729 
-2.575133, 3730 
-2.577062, 3731 
-2.578990, 3732 
-2.580919, 3733 
-2.582848, 3734 
-2.584776, 3735 
-2.586705, 3736 
-2.588634, 3737 
-2.590563, 3738 
-2.592491, 3739 
-2.594420, 3740 
-2.596349, 3741 
-2.598277, 3742 
-2.600206, 3743 
-2.602135, 3744 
-2.604063, 3745 
-2.605992, 3746 
-2.607921, 3747 
-2.609850, 3748 
-2.611778, 3749 
-2.613707, 3750 
-2.615636, 3751 
-2.617564, 3752 
-2.619493, 3753 
-2.621422, 3754 
-2.623351, 3755 
-2.625279, 3756 
-2.627208, 3757 
-2.629137, 3758 
-2.631065, 3759 
-2.632994, 3760 
-2.634923, 3761 
-2.636851, 3762 
-2.638780, 3763 
-2.640709, 3764 
-2.642638, 3765 
-2.644566, 3766 
-2.646495, 3767 
-2.648424, 3768 
-2.650352, 3769 
-2.652281, 3770 
-2.654210, 3771 
-2.656138, 3772 
-2.658067, 3773 
-2.659996, 3774 
-2.661925, 3775 
-2.663853, 3776 
-2.665782, 3777 
-2.667711, 3778 
-2.669639, 3779 
-2.671568, 3780 
-2.673497, 3781 
-2.675425, 3782 
-2.677354, 3783 
-2.679283, 3784 
-2.681212, 3785 
-2.683140, 3786 
-2.685069, 3787 
-2.686998, 3788 
-2.688926, 3789 
-2.690855, 3790 
-2.692784, 3791 
-2.694712, 3792 
-2.696641, 3793 
-2.698570, 3794 
-2.700499, 3795 
-2.702427, 3796 
-2.704356, 3797 
-2.706285, 3798 
-2.708213, 3799 
-2.710142, 3800 
-2.712071, 3801 
-2.713999, 3802 
-2.715928, 3803 
-2.717857, 3804 
-2.719785, 3805 
-2.721714, 3806 
-2.723643, 3807 
-2.725572, 3808 
-2.727500, 3809 
-2.729429, 3810 
-2.731358, 3811 
-2.733286, 3812 
-2.735215, 3813 
-2.737144, 3814 
-2.739072, 3815 
-2.741001, 3816 
-2.742930, 3817 
-2.744859, 3818 
-2.746787, 3819 
-2.748716, 3820 
-2.750645, 3821 
-2.752573, 3822 
-2.754502, 3823 
-2.756431, 3824 
-2.758359, 3825 
-2.760288, 3826 
-2.762217, 3827 
-2.764146, 3828 
-2.766074, 3829 
-2.768003, 3830 
-2.769932, 3831 
-2.771860, 3832 
-2.773789, 3833 
-2.775718, 3834 
-2.777646, 3835 
-2.779575, 3836 
-2.781504, 3837 
-2.783432, 3838 
-2.785361, 3839 
-2.787290, 3840 
-2.789219, 3841 
-2.791147, 3842 
-2.793076, 3843 
-2.795005, 3844 
-2.796933, 3845 
-2.798862, 3846 
-2.800791, 3847 
-2.802719, 3848 
-2.804648, 3849 
-2.806577, 3850 
-2.808506, 3851 
-2.810434, 3852 
-2.812363, 3853 
-2.814292, 3854 
-2.816220, 3855 
-2.818149, 3856 
-2.820078, 3857 
-2.822006, 3858 
-2.823935, 3859 
-2.825864, 3860 
-2.827792, 3861 
-2.829721, 3862 
-2.831650, 3863 
-2.833579, 3864 
-2.835507, 3865 
-2.837436, 3866 
-2.839365, 3867 
-2.841293, 3868 
-2.843222, 3869 
-2.845151, 3870 
-2.847079, 3871 
-2.849008, 3872 
-2.850937, 3873 
-2.852865, 3874 
-2.854794, 3875 
-2.856723, 3876 
-2.858652, 3877 
-2.860580, 3878 
-2.862509, 3879 
-2.864438, 3880 
-2.866366, 3881 
-2.868295, 3882 
-2.870224, 3883 
-2.872152, 3884 
-2.874081, 3885 
-2.876010, 3886 
-2.877938, 3887 
-2.879867, 3888 
-2.881796, 3889 
-2.883725, 3890 
-2.885653, 3891 
-2.887582, 3892 
-2.889511, 3893 
-2.891439, 3894 
-2.893368, 3895 
-2.895297, 3896 
-2.897225, 3897 
-2.899154, 3898 
-2.901083, 3899 
-2.903011, 3900 
-2.904940, 3901 
-2.906869, 3902 
-2.908798, 3903 
-2.910726, 3904 
-2.912655, 3905 
-2.914584, 3906 
-2.916512, 3907 
-2.918441, 3908 
-2.920370, 3909 
-2.922298, 3910 
-2.924227, 3911 
-2.926156, 3912 
-2.928084, 3913 
-2.930013, 3914 
-2.931942, 3915 
-2.933871, 3916 
-2.935799, 3917 
-2.937728, 3918 
-2.939657, 3919 
-2.941585, 3920 
-2.943514, 3921 
-2.945443, 3922 
-2.947371, 3923 
-2.949300, 3924 
-2.951229, 3925 
-2.953157, 3926 
-2.955086, 3927 
-2.957015, 3928 
-2.958944, 3929 
-2.960872, 3930 
-2.962801, 3931 
-2.964730, 3932 
-2.966658, 3933 
-2.968587, 3934 
-2.970516, 3935 
-2.972444, 3936 
-2.974373, 3937 
-2.976302, 3938 
-2.978230, 3939 
-2.980159, 3940 
-2.982088, 3941 
-2.984016, 3942 
-2.985945, 3943 
-2.987874, 3944 
-2.989803, 3945 
-2.991731, 3946 
-2.993660, 3947 
-2.995589, 3948 
-2.997517, 3949 
-2.999446, 3950 
-3.001375, 3951 
-3.003303, 3952 
-3.005232, 3953 
-3.007161, 3954 
-3.009089, 3955 
-3.011018, 3956 
-3.012947, 3957 
-3.014876, 3958 
-3.016804, 3959 
-3.018733, 3960 
-3.020662, 3961 
-3.022590, 3962 
-3.024519, 3963 
-3.026448, 3964 
-3.028376, 3965 
-3.030305, 3966 
-3.032234, 3967 
-3.034162, 3968 
-3.036091, 3969 
-3.038020, 3970 
-3.039948, 3971 
-3.041877, 3972 
-3.043806, 3973 
-3.045735, 3974 
-3.047663, 3975 
-3.049592, 3976 
-3.051521, 3977 
-3.053449, 3978 
-3.055378, 3979 
-3.057307, 3980 
-3.059235, 3981 
-3.061164, 3982 
-3.063093, 3983 
-3.065021, 3984 
-3.066950, 3985 
-3.068879, 3986 
-3.070807, 3987 
-3.072736, 3988 
-3.074665, 3989 
-3.076594, 3990 
-3.078522, 3991 
-3.080451, 3992 
-3.082380, 3993 
-3.084308, 3994 
-3.086237, 3995 
-3.088166, 3996 
-3.090094, 3997 
-3.092023, 3998 
-3.093952, 3999 
-3.095880, 4000 
-3.097809, 4001 
-3.099738, 4002 
-3.101666, 4003 
-3.103595, 4004 
-3.105524, 4005 
-3.107453, 4006 
-3.109381, 4007 
-3.111310, 4008 
-3.113239, 4009 
-3.115167, 4010 
-3.117096, 4011 
-3.119025, 4012 
-3.120953, 4013 
-3.122882, 4014 
-3.124811, 4015 
-3.126739, 4016 
-3.128668, 4017 
-3.130597, 4018 
-3.132525, 4019 
-3.134454, 4020 
-3.136383, 4021 
-3.138311, 4022 
-3.140240, 4023 
-3.142169, 4024 
-3.144098, 4025 
-3.146026, 4026 
-3.147955, 4027 
-3.149884, 4028 
-3.151812, 4029 
-3.153741, 4030 
-3.155670, 4031 
-3.157598, 4032 
-3.159527, 4033 
-3.161456, 4034 
-3.163384, 4035 
-3.165313, 4036 
-3.167242, 4037 
-3.169170, 4038 
-3.171099, 4039 
-3.173028, 4040 
-3.174957, 4041 
-3.176885, 4042 
-3.178814, 4043 
-3.180743, 4044 
-3.182671, 4045 
-3.184600, 4046 
-3.186529, 4047 
-3.188457, 4048 
-3.190386, 4049 
-3.192315, 4050 
-3.194243, 4051 
-3.196172, 4052 
-3.198101, 4053 
-3.200029, 4054 
-3.201958, 4055 
-3.203887, 4056 
-3.205815, 4057 
-3.207744, 4058 
-3.209673, 4059 
-3.211602, 4060 
-3.213530, 4061 
-3.215459, 4062 
-3.217388, 4063 
-3.219316, 4064 
-3.221245, 4065 
-3.223174, 4066 
-3.225102, 4067 
-3.227031, 4068 
-3.228960, 4069 
-3.230888, 4070 
-3.232817, 4071 
-3.234746, 4072 
-3.236674, 4073 
-3.238603, 4074 
-3.240532, 4075 
-3.242460, 4076 
-3.244389, 4077 
-3.246318, 4078 
-3.248247, 4079 
-3.250175, 4080 
-3.252104, 4081 
-3.254033, 4082 
-3.255961, 4083 
-3.257890, 4084 
-3.259819, 4085 
-3.261747, 4086 
-3.263676, 4087 
-3.265605, 4088 
-3.267533, 4089 
-3.269462, 4090 
-3.271391, 4091 
-3.273319, 4092 
-3.275248, 4093 
-3.277177, 4094 
-3.279105, 4095 
-3.281034, 4096 
-3.282963, 4097 
-3.284892, 4098 
-3.286820, 4099 
-3.288749, 4100 
-3.290678, 4101 
-3.292606, 4102 
-3.294535, 4103 
-3.296464, 4104 
-3.298392, 4105 
-3.300321, 4106 
-3.302250, 4107 
-3.304178, 4108 
-3.306107, 4109 
-3.308036, 4110 
-3.309964, 4111 
-3.311893, 4112 
-3.313822, 4113 
-3.315750, 4114 
-3.317679, 4115 
-3.319608, 4116 
-3.321537, 4117 
-3.323465, 4118 
-3.325394, 4119 
-3.327323, 4120 
-3.329251, 4121 
-3.331180, 4122 
-3.333109, 4123 
-3.335037, 4124 
-3.336966, 4125 
-3.338895, 4126 
-3.340823, 4127 
-3.342752, 4128 
-3.344681, 4129 
-3.346609, 4130 
-3.348538, 4131 
-3.350467, 4132 
-3.352395, 4133 
-3.354324, 4134 
-3.356253, 4135 
-3.358181, 4136 
-3.360110, 4137 
-3.362039, 4138 
-3.363968, 4139 
-3.365896, 4140 
-3.367825, 4141 
-3.369754, 4142 
-3.371682, 4143 
-3.373611, 4144 
-3.375540, 4145 
-3.377468, 4146 
-3.379397, 4147 
-3.381326, 4148 
-3.383254, 4149 
-3.385183, 4150 
-3.387112, 4151 
-3.389040, 4152 
-3.390969, 4153 
-3.392898, 4154 
-3.394826, 4155 
-3.396755, 4156 
-3.398684, 4157 
-3.400612, 4158 
-3.402541, 4159 
-3.404470, 4160 
-3.406399, 4161 
-3.408327, 4162 
-3.410256, 4163 
-3.412185, 4164 
-3.414113, 4165 
-3.416042, 4166 
-3.417971, 4167 
-3.419899, 4168 
-3.421828, 4169 
-3.423757, 4170 
-3.425685, 4171 
-3.427614, 4172 
-3.429543, 4173 
-3.431471, 4174 
-3.433400, 4175 
-3.435329, 4176 
-3.437257, 4177 
-3.439186, 4178 
-3.441115, 4179 
-3.443043, 4180 
-3.444972, 4181 
-3.446901, 4182 
-3.448830, 4183 
-3.450758, 4184 
-3.452687, 4185 
-3.454616, 4186 
-3.456544, 4187 
-3.458473, 4188 
-3.460402, 4189 
-3.462330, 4190 
-3.464259, 4191 
-3.466188, 4192 
-3.468116, 4193 
-3.470045, 4194 
-3.471974, 4195 
-3.473902, 4196 
-3.475831, 4197 
-3.477760, 4198 
-3.479688, 4199 
-3.481617, 4200 
-3.483546, 4201 
-3.485474, 4202 
-3.487403, 4203 
-3.489332, 4204 
-3.491261, 4205 
-3.493189, 4206 
-3.495118, 4207 
-3.497047, 4208 
-3.498975, 4209 
-3.500904, 4210 
-3.502833, 4211 
-3.504761, 4212 
-3.506690, 4213 
-3.508619, 4214 
-3.510547, 4215 
-3.512476, 4216 
-3.514405, 4217 
-3.516333, 4218 
-3.518262, 4219 
-3.520191, 4220 
-3.522119, 4221 
-3.524048, 4222 
-3.525977, 4223 
-3.527905, 4224 
-3.529834, 4225 
-3.531763, 4226 
-3.533691, 4227 
-3.535620, 4228 
-3.537549, 4229 
-3.539478, 4230 
-3.541406, 4231 
-3.543335, 4232 
-3.545264, 4233 
-3.547192, 4234 
-3.549121, 4235 
-3.551050, 4236 
-3.552978, 4237 
-3.554907, 4238 
-3.556836, 4239 
-3.558764, 4240 
-3.560693, 4241 
-3.562622, 4242 
-3.564550, 4243 
-3.566479, 4244 
-3.568408, 4245 
-3.570336, 4246 
-3.572265, 4247 
-3.574194, 4248 
-3.576122, 4249 
-3.578051, 4250 
-3.579980, 4251 
-3.581908, 4252 
-3.583837, 4253 
-3.585766, 4254 
-3.587695, 4255 
-3.589623, 4256 
-3.591552, 4257 
-3.593481, 4258 
-3.595409, 4259 
-3.597338, 4260 
-3.599267, 4261 
-3.601195, 4262 
-3.603124, 4263 
-3.605053, 4264 
-3.606981, 4265 
-3.608910, 4266 
-3.610839, 4267 
-3.612767, 4268 
-3.614696, 4269 
-3.616625, 4270 
-3.618553, 4271 
-3.620482, 4272 
-3.622411, 4273 
-3.624339, 4274 
-3.626268, 4275 
-3.628197, 4276 
-3.630125, 4277 
-3.632054, 4278 
-3.633983, 4279 
-3.635912, 4280 
-3.637840, 4281 
-3.639769, 4282 
-3.641698, 4283 
-3.643626, 4284 
-3.645555, 4285 
-3.647484, 4286 
-3.649412, 4287 
-3.651341, 4288 
-3.653270, 4289 
-3.655198, 4290 
-3.657127, 4291 
-3.659056, 4292 
-3.660984, 4293 
-3.662913, 4294 
-3.664842, 4295 
-3.666770, 4296 
-3.668699, 4297 
-3.670628, 4298 
-3.672556, 4299 
-3.674485, 4300 
-3.676414, 4301 
-3.678342, 4302 
-3.680271, 4303 
-3.682200, 4304 
-3.684128, 4305 
-3.686057, 4306 
-3.687986, 4307 
-3.689915, 4308 
-3.691843, 4309 
-3.693772, 4310 
-3.695701, 4311 
-3.697629, 4312 
-3.699558, 4313 
-3.701487, 4314 
-3.703415, 4315 
-3.705344, 4316 
-3.707273, 4317 
-3.709201, 4318 
-3.711130, 4319 
-3.713059, 4320 
-3.714987, 4321 
-3.716916, 4322 
-3.718845, 4323 
-3.720773, 4324 
-3.722702, 4325 
-3.724631, 4326 
-3.726559, 4327 
-3.728488, 4328 
-3.730417, 4329 
-3.732345, 4330 
-3.734274, 4331 
-3.736203, 4332 
-3.738131, 4333 
-3.740060, 4334 
-3.741989, 4335 
-3.743918, 4336 
-3.745846, 4337 
-3.747775, 4338 
-3.749704, 4339 
-3.751632, 4340 
-3.753561, 4341 
-3.755490, 4342 
-3.757418, 4343 
-3.759347, 4344 
-3.761276, 4345 
-3.763204, 4346 
-3.765133, 4347 
-3.767062, 4348 
-3.768990, 4349 
-3.770919, 4350 
-3.772848, 4351 
-3.774776, 4352 
-3.776705, 4353 
-3.778634, 4354 
-3.780562, 4355 
-3.782491, 4356 
-3.784420, 4357 
-3.786348, 4358 
-3.788277, 4359 
-3.790206, 4360 
-3.792134, 4361 
-3.794063, 4362 
-3.795992, 4363 
-3.797921, 4364 
-3.799849, 4365 
-3.801778, 4366 
-3.803707, 4367 
-3.805635, 4368 
-3.807564, 4369 
-3.809493, 4370 
-3.811421, 4371 
-3.813350, 4372 
-3.815279, 4373 
-3.817207, 4374 
-3.819136, 4375 
-3.821065, 4376 
-3.822993, 4377 
-3.824922, 4378 
-3.826851, 4379 
-3.828779, 4380 
-3.830708, 4381 
-3.832637, 4382 
-3.834565, 4383 
-3.836494, 4384 
-3.838423, 4385 
-3.840351, 4386 
-3.842280, 4387 
-3.844209, 4388 
-3.846137, 4389 
-3.848066, 4390 
-3.849995, 4391 
-3.851923, 4392 
-3.853852, 4393 
-3.855781, 4394 
-3.857710, 4395 
-3.859638, 4396 
-3.861567, 4397 
-3.863496, 4398 
-3.865424, 4399 
-3.867353, 4400 
-3.869282, 4401 
-3.871210, 4402 
-3.873139, 4403 
-3.875068, 4404 
-3.876996, 4405 
-3.878925, 4406 
-3.880854, 4407 
-3.882782, 4408 
-3.884711, 4409 
-3.886640, 4410 
-3.888568, 4411 
-3.890497, 4412 
-3.892426, 4413 
-3.894354, 4414 
-3.896283, 4415 
-3.898212, 4416 
-3.900140, 4417 
-3.902069, 4418 
-3.903998, 4419 
-3.905926, 4420 
-3.907855, 4421 
-3.909784, 4422 
-3.911712, 4423 
-3.913641, 4424 
-3.915570, 4425 
-3.917499, 4426 
-3.919427, 4427 
-3.921356, 4428 
-3.923285, 4429 
-3.925213, 4430 
-3.927142, 4431 
-3.929071, 4432 
-3.930999, 4433 
-3.932928, 4434 
-3.934857, 4435 
-3.936785, 4436 
-3.938714, 4437 
-3.940643, 4438 
-3.942571, 4439 
-3.944500, 4440 
-3.946429, 4441 
-3.948357, 4442 
-3.950286, 4443 
-3.952215, 4444 
-3.954143, 4445 
-3.956072, 4446 
-3.958001, 4447 
-3.959929, 4448 
-3.961858, 4449 
-3.963787, 4450 
-3.965715, 4451 
-3.967644, 4452 
-3.969573, 4453 
-3.971501, 4454 
-3.973430, 4455 
-3.975359, 4456 
-3.977288, 4457 
-3.979216, 4458 
-3.981145, 4459 
-3.983074, 4460 
-3.985002, 4461 
-3.986931, 4462 
-3.988860, 4463 
-3.990788, 4464 
-3.992717, 4465 
-3.994646, 4466 
-3.996574, 4467 
-3.998503, 4468 
-4.000432, 4469 
-4.002360, 4470 
-4.004289, 4471 
-4.006218, 4472 
-4.008146, 4473 
-4.010075, 4474 
-4.012004, 4475 
-4.013932, 4476 
-4.015861, 4477 
-4.017790, 4478 
-4.019718, 4479 
-4.021647, 4480 
-4.023576, 4481 
-4.025504, 4482 
-4.027433, 4483 
-4.029362, 4484 
-4.031290, 4485 
-4.033219, 4486 
-4.035148, 4487 
-4.037076, 4488 
-4.039005, 4489 
-4.040934, 4490 
-4.042863, 4491 
-4.044791, 4492 
-4.046720, 4493 
-4.048649, 4494 
-4.050577, 4495 
-4.052506, 4496 
-4.054435, 4497 
-4.056363, 4498 
-4.058292, 4499 
-4.060221, 4500 
-4.062149, 4501 
-4.064078, 4502 
-4.066007, 4503 
-4.067935, 4504 
-4.069864, 4505 
-4.071793, 4506 
-4.073721, 4507 
-4.075650, 4508 
-4.077579, 4509 
-4.079507, 4510 
-4.081436, 4511 
-4.083365, 4512 
-4.085293, 4513 
-4.087222, 4514 
-4.089151, 4515 
-4.091079, 4516 
-4.093008, 4517 
-4.094937, 4518 
-4.096865, 4519 
-4.098794, 4520 
-4.100723, 4521 
-4.102651, 4522 
-4.104580, 4523 
-4.106509, 4524 
-4.108438, 4525 
-4.110366, 4526 
-4.112295, 4527 
-4.114224, 4528 
-4.116152, 4529 
-4.118081, 4530 
-4.120010, 4531 
-4.121938, 4532 
-4.123867, 4533 
-4.125796, 4534 
-4.127724, 4535 
-4.129653, 4536 
-4.131582, 4537 
-4.133510, 4538 
-4.135439, 4539 
-4.137368, 4540 
-4.139296, 4541 
-4.141225, 4542 
-4.143154, 4543 
-4.145082, 4544 
-4.147011, 4545 
-4.148940, 4546 
-4.150868, 4547 
-4.152797, 4548 
-4.154726, 4549 
-4.156654, 4550 
-4.158583, 4551 
-4.160512, 4552 
-4.162440, 4553 
-4.164369, 4554 
-4.166298, 4555 
-4.168226, 4556 
-4.170155, 4557 
-4.172084, 4558 
-4.174013, 4559 
-4.175941, 4560 
-4.177870, 4561 
-4.179799, 4562 
-4.181727, 4563 
-4.183656, 4564 
-4.185585, 4565 
-4.187513, 4566 
-4.189442, 4567 
-4.191371, 4568 
-4.193299, 4569 
-4.195228, 4570 
-4.197157, 4571 
-4.199085, 4572 
-4.201014, 4573 
-4.202943, 4574 
-4.204871, 4575 
-4.206800, 4576 
-4.208729, 4577 
-4.210657, 4578 
-4.212586, 4579 
-4.214515, 4580 
-4.216443, 4581 
-4.218372, 4582 
-4.220301, 4583 
-4.222229, 4584 
-4.224158, 4585 
-4.226087, 4586 
-4.228015, 4587 
-4.229944, 4588 
-4.231873, 4589 
-4.233801, 4590 
-4.235730, 4591 
-4.237659, 4592 
-4.239587, 4593 
-4.241516, 4594 
-4.243445, 4595 
-4.245374, 4596 
-4.247302, 4597 
-4.249231, 4598 
-4.251160, 4599 
-4.253088, 4600 
-4.255017, 4601 
-4.256946, 4602 
-4.258874, 4603 
-4.260803, 4604 
-4.262732, 4605 
-4.264660, 4606 
-4.266589, 4607 
-4.268518, 4608 
-4.270446, 4609 
-4.272375, 4610 
-4.274304, 4611 
-4.276232, 4612 
-4.278161, 4613 
-4.280090, 4614 
-4.282018, 4615 
-4.283947, 4616 
-4.285876, 4617 
-4.287804, 4618 
-4.289733, 4619 
-4.291662, 4620 
-4.293590, 4621 
-4.295519, 4622 
-4.297448, 4623 
-4.299376, 4624 
-4.301305, 4625 
-4.303234, 4626 
-4.305162, 4627 
-4.307091, 4628 
-4.309020, 4629 
-4.310948, 4630 
-4.312877, 4631 
-4.314806, 4632 
-4.316735, 4633 
-4.318663, 4634 
-4.320592, 4635 
-4.322521, 4636 
-4.324449, 4637 
-4.326378, 4638 
-4.328307, 4639 
-4.330235, 4640 
-4.332164, 4641 
-4.334093, 4642 
-4.336021, 4643 
-4.337950, 4644 
-4.339879, 4645 
-4.341807, 4646 
-4.343736, 4647 
-4.345665, 4648 
-4.347593, 4649 
-4.349522, 4650 
-4.351451, 4651 
-4.353379, 4652 
-4.355308, 4653 
-4.357237, 4654 
-4.359165, 4655 
-4.361094, 4656 
-4.363023, 4657 
-4.364951, 4658 
-4.366880, 4659 
-4.368809, 4660 
-4.370737, 4661 
-4.372666, 4662 
-4.374595, 4663 
-4.376523, 4664 
-4.378452, 4665 
-4.380381, 4666 
-4.382309, 4667 
-4.384238, 4668 
-4.386167, 4669 
-4.388096, 4670 
-4.390024, 4671 
-4.391953, 4672 
-4.393882, 4673 
-4.395810, 4674 
-4.397739, 4675 
-4.399668, 4676 
-4.401596, 4677 
-4.403525, 4678 
-4.405454, 4679 
-4.407382, 4680 
-4.409311, 4681 
-4.411240, 4682 
-4.413168, 4683 
-4.415097, 4684 
-4.417026, 4685 
-4.418954, 4686 
-4.420883, 4687 
-4.422812, 4688 
-4.424740, 4689 
-4.426669, 4690 
-4.428598, 4691 
-4.430526, 4692 
-4.432455, 4693 
-4.434384, 4694 
-4.436312, 4695 
-4.438241, 4696 
-4.440170, 4697 
-4.442098, 4698 
-4.444027, 4699 
-4.445956, 4700 
-4.447884, 4701 
-4.449813, 4702 
-4.451742, 4703 
-4.453670, 4704 
-4.455599, 4705 
-4.457528, 4706 
-4.459456, 4707 
-4.461385, 4708 
-4.463314, 4709 
-4.465243, 4710 
-4.467171, 4711 
-4.469100, 4712 
-4.471029, 4713 
-4.472957, 4714 
-4.474886, 4715 
-4.476815, 4716 
-4.478743, 4717 
-4.480672, 4718 
-4.482601, 4719 
-4.484529, 4720 
-4.486458, 4721 
-4.488387, 4722 
-4.490315, 4723 
-4.492244, 4724 
-4.494173, 4725 
-4.496101, 4726 
-4.498030, 4727 
-4.499959, 4728 
-4.501887, 4729 
-4.503816, 4730 
-4.505745, 4731 
-4.507673, 4732 
-4.509602, 4733 
-4.511531, 4734 
-4.513459, 4735 
-4.515388, 4736 
-4.517317, 4737 
-4.519245, 4738 
-4.521174, 4739 
-4.523103, 4740 
-4.525031, 4741 
-4.526960, 4742 
-4.528889, 4743 
-4.530817, 4744 
-4.532746, 4745 
-4.534675, 4746 
-4.536604, 4747 
-4.538532, 4748 
-4.540461, 4749 
-4.542390, 4750 
-4.544318, 4751 
-4.546247, 4752 
-4.548176, 4753 
-4.550104, 4754 
-4.552033, 4755 
-4.553962, 4756 
-4.555890, 4757 
-4.557819, 4758 
-4.559748, 4759 
-4.561676, 4760 
-4.563605, 4761 
-4.565534, 4762 
-4.567462, 4763 
-4.569391, 4764 
-4.571320, 4765 
-4.573248, 4766 
-4.575177, 4767 
-4.577106, 4768 
-4.579034, 4769 
-4.580963, 4770 
-4.582892, 4771 
-4.584820, 4772 
-4.586749, 4773 
-4.588678, 4774 
-4.590606, 4775 
-4.592535, 4776 
-4.594464, 4777 
-4.596392, 4778 
-4.598321, 4779 
-4.600250, 4780 
-4.602178, 4781 
-4.604107, 4782 
-4.606036, 4783 
-4.607964, 4784 
-4.609893, 4785 
-4.611822, 4786 
-4.613750, 4787 
-4.615679, 4788 
-4.617608, 4789 
-4.619537, 4790 
-4.621465, 4791 
-4.623394, 4792 
-4.625323, 4793 
-4.627251, 4794 
-4.629180, 4795 
-4.631109, 4796 
-4.633037, 4797 
-4.634966, 4798 
-4.636895, 4799 
-4.638823, 4800 
-4.640752, 4801 
-4.642681, 4802 
-4.644609, 4803 
-4.646538, 4804 
-4.648467, 4805 
-4.650395, 4806 
-4.652324, 4807 
-4.654253, 4808 
-4.656181, 4809 
-4.658110, 4810 
-4.660039, 4811 
-4.661967, 4812 
-4.663896, 4813 
-4.665825, 4814 
-4.667753, 4815 
-4.669682, 4816 
-4.671611, 4817 
-4.673539, 4818 
-4.675468, 4819 
-4.677397, 4820 
-4.679325, 4821 
-4.681254, 4822 
-4.683183, 4823 
-4.685111, 4824 
-4.687040, 4825 
-4.688969, 4826 
-4.690897, 4827 
-4.692826, 4828 
-4.694755, 4829 
-4.696684, 4830 
-4.698612, 4831 
-4.700541, 4832 
-4.702470, 4833 
-4.704398, 4834 
-4.706327, 4835 
-4.708256, 4836 
-4.710184, 4837 
-4.712113, 4838 
-4.714042, 4839 
-4.715970, 4840 
-4.717899, 4841 
-4.719828, 4842 
-4.721756, 4843 
-4.723685, 4844 
-4.725614, 4845 
-4.727542, 4846 
-4.729471, 4847 
-4.731400, 4848 
-4.733328, 4849 
-4.735257, 4850 
-4.737186, 4851 
-4.739114, 4852 
-4.741043, 4853 
-4.742972, 4854 
-4.744900, 4855 
-4.746829, 4856 
-4.748758, 4857 
-4.750686, 4858 
-4.752615, 4859 
-4.754544, 4860 
-4.756472, 4861 
-4.758401, 4862 
-4.760330, 4863 
-4.762258, 4864 
-4.764187, 4865 
-4.766116, 4866 
-4.768044, 4867 
-4.769973, 4868 
-4.771902, 4869 
-4.773831, 4870 
-4.775759, 4871 
-4.777688, 4872 
-4.779617, 4873 
-4.781545, 4874 
-4.783474, 4875 
-4.785403, 4876 
-4.787331, 4877 
-4.789260, 4878 
-4.791189, 4879 
-4.793117, 4880 
-4.795046, 4881 
-4.796975, 4882 
-4.798903, 4883 
-4.800832, 4884 
-4.802761, 4885 
-4.804689, 4886 
-4.806618, 4887 
-4.808547, 4888 
-4.810475, 4889 
-4.812404, 4890 
-4.814333, 4891 
-4.816261, 4892 
-4.818190, 4893 
-4.820119, 4894 
-4.822047, 4895 
-4.823976, 4896 
-4.825905, 4897 
-4.827833, 4898 
-4.829762, 4899 
-4.831691, 4900 
-4.833619, 4901 
-4.835548, 4902 
-4.837477, 4903 
-4.839405, 4904 
-4.841334, 4905 
-4.843263, 4906 
-4.845191, 4907 
-4.847120, 4908 
-4.849049, 4909 
-4.850977, 4910 
-4.852906, 4911 
-4.854835, 4912 
-4.856764, 4913 
-4.858692, 4914 
-4.860621, 4915 
-4.862550, 4916 
-4.864478, 4917 
-4.866407, 4918 
-4.868336, 4919 
-4.870264, 4920 
-4.872193, 4921 
-4.874122, 4922 
-4.876050, 4923 
-4.877979, 4924 
-4.879908, 4925 
-4.881836, 4926 
-4.883765, 4927 
-4.885694, 4928 
-4.887622, 4929 
-4.889551, 4930 
-4.891480, 4931 
-4.893408, 4932 
-4.895337, 4933 
-4.897266, 4934 
-4.899194, 4935 
-4.901123, 4936 
-4.903052, 4937 
-4.904980, 4938 
-4.906909, 4939 
-4.908838, 4940 
-4.910766, 4941 
-4.912695, 4942 
-4.914624, 4943 
-4.916552, 4944 
-4.918481, 4945 
-4.920410, 4946 
-4.922338, 4947 
-4.924267, 4948 
-4.926196, 4949 
-4.928124, 4950 
-4.930053, 4951 
-4.931982, 4952 
-4.933910, 4953 
-4.935839, 4954 
-4.937768, 4955 
-4.939697, 4956 
-4.941625, 4957 
-4.943554, 4958 
-4.945483, 4959 
-4.947411, 4960 
-4.949340, 4961 
-4.951269, 4962 
-4.953197, 4963 
-4.955126, 4964 
-4.957055, 4965 
-4.958983, 4966 
-4.960912, 4967 
-4.962841, 4968 
-4.964769, 4969 
-4.966698, 4970 
-4.968627, 4971 
-4.970555, 4972 
-4.972484, 4973 
-4.974413, 4974 
-4.976341, 4975 
-4.978270, 4976 
-4.980199, 4977 
-4.982127, 4978 
-4.984056, 4979 
-4.985985, 4980 
-4.987913, 4981 
-4.989842, 4982 
-4.991771, 4983 
-4.993699, 4984 
-4.995628, 4985 
-4.997557, 4986 
-4.999485, 4987 
-5.001414, 4988 
-5.003343, 4989 
-5.005271, 4990 
-5.007200, 4991 
-5.009129, 4992 
-5.011057, 4993 
-5.012986, 4994 
-5.014915, 4995 
-5.016843, 4996 
-5.018772, 4997 
-5.020701, 4998 
-5.022630, 4999 
-5.024558, 5000 
-5.026487, 5001 
-5.028416, 5002 
-5.030344, 5003 
-5.032273, 5004 
-5.034202, 5005 
-5.036130, 5006 
-5.038059, 5007 
-5.039988, 5008 
-5.041916, 5009 
-5.043845, 5010 
-5.045774, 5011 
-5.047702, 5012 
-5.049631, 5013 
-5.051560, 5014 
-5.053488, 5015 
-5.055417, 5016 
-5.057346, 5017 
-5.059274, 5018 
-5.061203, 5019 
-5.063132, 5020 
-5.065060, 5021 
-5.066989, 5022 
-5.068918, 5023 
-5.070846, 5024 
-5.072775, 5025 
-5.074704, 5026 
-5.076632, 5027 
-5.078561, 5028 
-5.080490, 5029 
-5.082418, 5030 
-5.084347, 5031 
-5.086276, 5032 
-5.088204, 5033 
-5.090133, 5034 
-5.092062, 5035 
-5.093990, 5036 
-5.095919, 5037 
-5.097848, 5038 
-5.099776, 5039 
-5.101705, 5040 
-5.103634, 5041 
-5.105563, 5042 
-5.107491, 5043 
-5.109420, 5044 
-5.111349, 5045 
-5.113277, 5046 
-5.115206, 5047 
-5.117135, 5048 
-5.119063, 5049 
-5.120992, 5050 
-5.122921, 5051 
-5.124849, 5052 
-5.126778, 5053 
-5.128707, 5054 
-5.130635, 5055 
-5.132564, 5056 
-5.134493, 5057 
-5.136421, 5058 
-5.138350, 5059 
-5.140279, 5060 
-5.142207, 5061 
-5.144136, 5062 
-5.146065, 5063 
-5.147993, 5064 
-5.149922, 5065 
-5.151851, 5066 
-5.153779, 5067 
-5.155708, 5068 
-5.157637, 5069 
-5.159565, 5070 
-5.161494, 5071 
-5.163423, 5072 
-5.165351, 5073 
-5.167280, 5074 
-5.169209, 5075 
-5.171137, 5076 
-5.173066, 5077 
-5.174995, 5078 
-5.176923, 5079 
-5.178852, 5080 
-5.180781, 5081 
-5.182709, 5082 
-5.184638, 5083 
-5.186567, 5084 
-5.188495, 5085 
-5.190424, 5086 
-5.192353, 5087 
-5.194282, 5088 
-5.196210, 5089 
-5.198139, 5090 
-5.200068, 5091 
-5.201996, 5092 
-5.203925, 5093 
-5.205854, 5094 
-5.207782, 5095 
-5.209711, 5096 
-5.211640, 5097 
-5.213568, 5098 
-5.215497, 5099 
-5.217426, 5100 
-5.219354, 5101 
-5.221283, 5102 
-5.223212, 5103 
-5.225140, 5104 
-5.227069, 5105 
-5.228998, 5106 
-5.230926, 5107 
-5.232855, 5108 
-5.234784, 5109 
-5.236712, 5110 
-5.238641, 5111 
-5.240570, 5112 
-5.242498, 5113 
-5.244427, 5114 
-5.246356, 5115 
-5.248284, 5116 
-5.250213, 5117 
-5.252142, 5118 
-5.254070, 5119 
-5.255999, 5120 
-5.257928, 5121 
-5.259856, 5122 
-5.261785, 5123 
-5.263714, 5124 
-5.265642, 5125 
-5.267571, 5126 
-5.269500, 5127 
-5.271428, 5128 
-5.273357, 5129 
-5.275286, 5130 
-5.277215, 5131 
-5.279143, 5132 
-5.281072, 5133 
-5.283001, 5134 
-5.284929, 5135 
-5.286858, 5136 
-5.288787, 5137 
-5.290715, 5138 
-5.292644, 5139 
-5.294573, 5140 
-5.296501, 5141 
-5.298430, 5142 
-5.300359, 5143 
-5.302287, 5144 
-5.304216, 5145 
-5.306145, 5146 
-5.308073, 5147 
-5.310002, 5148 
-5.311931, 5149 
-5.313859, 5150 
-5.315788, 5151 
-5.317717, 5152 
-5.319645, 5153 
-5.321574, 5154 
-5.323503, 5155 
-5.325431, 5156 
-5.327360, 5157 
-5.329289, 5158 
-5.331217, 5159 
-5.333146, 5160 
-5.335075, 5161 
-5.337003, 5162 
-5.338932, 5163 
-5.340861, 5164 
-5.342789, 5165 
-5.344718, 5166 
-5.346647, 5167 
-5.348575, 5168 
-5.350504, 5169 
-5.352433, 5170 
-5.354361, 5171 
-5.356290, 5172 
-5.358219, 5173 
-5.360147, 5174 
-5.362076, 5175 
-5.364005, 5176 
-5.365934, 5177 
-5.367862, 5178 
-5.369791, 5179 
-5.371720, 5180 
-5.373648, 5181 
-5.375577, 5182 
-5.377506, 5183 
-5.379434, 5184 
-5.381363, 5185 
-5.383292, 5186 
-5.385220, 5187 
-5.387149, 5188 
-5.389078, 5189 
-5.391006, 5190 
-5.392935, 5191 
-5.394864, 5192 
-5.396792, 5193 
-5.398721, 5194 
-5.400650, 5195 
-5.402578, 5196 
-5.404507, 5197 
-5.406436, 5198 
-5.408364, 5199 
-5.410293, 5200 
-5.412222, 5201 
-5.414150, 5202 
-5.416079, 5203 
-5.418008, 5204 
-5.419936, 5205 
-5.421865, 5206 
-5.423794, 5207 
-5.425722, 5208 
-5.427651, 5209 
-5.429580, 5210 
-5.431508, 5211 
-5.433437, 5212 
-5.435366, 5213 
-5.437294, 5214 
-5.439223, 5215 
-5.441152, 5216 
-5.443080, 5217 
-5.445009, 5218 
-5.446938, 5219 
-5.448866, 5220 
-5.450795, 5221 
-5.452724, 5222 
-5.454653, 5223 
-5.456581, 5224 
-5.458510, 5225 
-5.460439, 5226 
-5.462367, 5227 
-5.464296, 5228 
-5.466225, 5229 
-5.468153, 5230 
-5.470082, 5231 
-5.472011, 5232 
-5.473939, 5233 
-5.475868, 5234 
-5.477797, 5235 
-5.479725, 5236 
-5.481654, 5237 
-5.483583, 5238 
-5.485511, 5239 
-5.487440, 5240 
-5.489369, 5241 
-5.491297, 5242 
-5.493226, 5243 
-5.495155, 5244 
-5.497083, 5245 
-5.499012, 5246 
-5.500941, 5247 
-5.502869, 5248 
-5.504798, 5249 
-5.506727, 5250 
-5.508655, 5251 
-5.510584, 5252 
-5.512513, 5253 
-5.514441, 5254 
-5.516370, 5255 
-5.518299, 5256 
-5.520227, 5257 
-5.522156, 5258 
-5.524085, 5259 
-5.526013, 5260 
-5.527942, 5261 
-5.529871, 5262 
-5.531799, 5263 
-5.533728, 5264 
-5.535657, 5265 
-5.537585, 5266 
-5.539514, 5267 
-5.541443, 5268 
-5.543372, 5269 
-5.545300, 5270 
-5.547229, 5271 
-5.549158, 5272 
-5.551086, 5273 
-5.553015, 5274 
-5.554944, 5275 
-5.556872, 5276 
-5.558801, 5277 
-5.560730, 5278 
-5.562658, 5279 
-5.564587, 5280 
-5.566516, 5281 
-5.568444, 5282 
-5.570373, 5283 
-5.572302, 5284 
-5.574230, 5285 
-5.576159, 5286 
-5.578088, 5287 
-5.580016, 5288 
-5.581945, 5289 
-5.583874, 5290 
-5.585802, 5291 
-5.587731, 5292 
-5.589660, 5293 
-5.591588, 5294 
-5.593517, 5295 
-5.595446, 5296 
-5.597374, 5297 
-5.599303, 5298 
-5.601232, 5299 
-5.603160, 5300 
-5.605089, 5301 
-5.607018, 5302 
-5.608946, 5303 
-5.610875, 5304 
-5.612804, 5305 
-5.614732, 5306 
-5.616661, 5307 
-5.618590, 5308 
-5.620518, 5309 
-5.622447, 5310 
-5.624376, 5311 
-5.626304, 5312 
-5.628233, 5313 
-5.630162, 5314 
-5.632091, 5315 
-5.634019, 5316 
-5.635948, 5317 
-5.637877, 5318 
-5.639805, 5319 
-5.641734, 5320 
-5.643663, 5321 
-5.645591, 5322 
-5.647520, 5323 
-5.649449, 5324 
-5.651377, 5325 
-5.653306, 5326 
-5.655235, 5327 
-5.657163, 5328 
-5.659092, 5329 
-5.661021, 5330 
-5.662949, 5331 
-5.664878, 5332 
-5.666807, 5333 
-5.668735, 5334 
-5.670664, 5335 
-5.672593, 5336 
-5.674521, 5337 
-5.676450, 5338 
-5.678379, 5339 
-5.680307, 5340 
-5.682236, 5341 
-5.684165, 5342 
-5.686093, 5343 
-5.688022, 5344 
-5.689951, 5345 
-5.691879, 5346 
-5.693808, 5347 
-5.695737, 5348 
-5.697665, 5349 
-5.699594, 5350 
-5.701523, 5351 
-5.703451, 5352 
-5.705380, 5353 
-5.707309, 5354 
-5.709237, 5355 
-5.711166, 5356 
-5.713095, 5357 
-5.715023, 5358 
-5.716952, 5359 
-5.718881, 5360 
-5.720810, 5361 
-5.722738, 5362 
-5.724667, 5363 
-5.726596, 5364 
-5.728524, 5365 
-5.730453, 5366 
-5.732382, 5367 
-5.734310, 5368 
-5.736239, 5369 
-5.738168, 5370 
-5.740096, 5371 
-5.742025, 5372 
-5.743954, 5373 
-5.745882, 5374 
-5.747811, 5375 
-5.749740, 5376 
-5.751668, 5377 
-5.753597, 5378 
-5.755526, 5379 
-5.757454, 5380 
-5.759383, 5381 
-5.761312, 5382 
-5.763240, 5383 
-5.765169, 5384 
-5.767098, 5385 
-5.769026, 5386 
-5.770955, 5387 
-5.772884, 5388 
-5.774812, 5389 
-5.776741, 5390 
-5.778670, 5391 
-5.780598, 5392 
-5.782527, 5393 
-5.784456, 5394 
-5.786384, 5395 
-5.788313, 5396 
-5.790242, 5397 
-5.792170, 5398 
-5.794099, 5399 
-5.796028, 5400 
-5.797956, 5401 
-5.799885, 5402 
-5.801814, 5403 
-5.803742, 5404 
-5.805671, 5405 
-5.807600, 5406 
-5.809529, 5407 
-5.811457, 5408 
-5.813386, 5409 
-5.815315, 5410 
-5.817243, 5411 
-5.819172, 5412 
-5.821101, 5413 
-5.823029, 5414 
-5.824958, 5415 
-5.826887, 5416 
-5.828815, 5417 
-5.830744, 5418 
-5.832673, 5419 
-5.834601, 5420 
-5.836530, 5421 
-5.838459, 5422 
-5.840387, 5423 
-5.842316, 5424 
-5.844245, 5425 
-5.846173, 5426 
-5.848102, 5427 
-5.850031, 5428 
-5.851959, 5429 
-5.853888, 5430 
-5.855817, 5431 
-5.857745, 5432 
-5.859674, 5433 
-5.861603, 5434 
-5.863531, 5435 
-5.865460, 5436 
-5.867389, 5437 
-5.869317, 5438 
-5.871246, 5439 
-5.873175, 5440 
-5.875103, 5441 
-5.877032, 5442 
-5.878961, 5443 
-5.880889, 5444 
-5.882818, 5445 
-5.884747, 5446 
-5.886675, 5447 
-5.888604, 5448 
-5.890533, 5449 
-5.892461, 5450 
-5.894390, 5451 
-5.896319, 5452 
-5.898248, 5453 
-5.900176, 5454 
-5.902105, 5455 
-5.904034, 5456 
-5.905962, 5457 
-5.907891, 5458 
-5.909820, 5459 
-5.911748, 5460 
-5.913677, 5461 
-5.915606, 5462 
-5.917534, 5463 
-5.919463, 5464 
-5.921392, 5465 
-5.923320, 5466 
-5.925249, 5467 
-5.927178, 5468 
-5.929106, 5469 
-5.931035, 5470 
-5.932964, 5471 
-5.934892, 5472 
-5.936821, 5473 
-5.938750, 5474 
-5.940678, 5475 
-5.942607, 5476 
-5.944536, 5477 
-5.946464, 5478 
-5.948393, 5479 
-5.950322, 5480 
-5.952250, 5481 
-5.954179, 5482 
-5.956108, 5483 
-5.958036, 5484 
-5.959965, 5485 
-5.961894, 5486 
-5.963822, 5487 
-5.965751, 5488 
-5.967680, 5489 
-5.969608, 5490 
-5.971537, 5491 
-5.973466, 5492 
-5.975394, 5493 
-5.977323, 5494 
-5.979252, 5495 
-5.981180, 5496 
-5.983109, 5497 
-5.985038, 5498 
-5.986967, 5499 
-5.988895, 5500 
-5.990824, 5501 
-5.992753, 5502 
-5.994681, 5503 
-5.996610, 5504 
-5.998539, 5505 
-6.000467, 5506 
-6.002396, 5507 
-6.004325, 5508 
-6.006253, 5509 
-6.008182, 5510 
-6.010111, 5511 
-6.012039, 5512 
-6.013968, 5513 
-6.015897, 5514 
-6.017825, 5515 
-6.019754, 5516 
-6.021683, 5517 
-6.023611, 5518 
-6.025540, 5519 
-6.027469, 5520 
-6.029397, 5521 
-6.031326, 5522 
-6.033255, 5523 
-6.035183, 5524 
-6.037112, 5525 
-6.039041, 5526 
-6.040969, 5527 
-6.042898, 5528 
-6.044827, 5529 
-6.046755, 5530 
-6.048684, 5531 
-6.050613, 5532 
-6.052541, 5533 
-6.054470, 5534 
-6.056399, 5535 
-6.058327, 5536 
-6.060256, 5537 
-6.062185, 5538 
-6.064113, 5539 
-6.066042, 5540 
-6.067971, 5541 
-6.069899, 5542 
-6.071828, 5543 
-6.073757, 5544 
-6.075686, 5545 
-6.077614, 5546 
-6.079543, 5547 
-6.081472, 5548 
-6.083400, 5549 
-6.085329, 5550 
-6.087258, 5551 
-6.089186, 5552 
-6.091115, 5553 
-6.093044, 5554 
-6.094972, 5555 
-6.096901, 5556 
-6.098830, 5557 
-6.100758, 5558 
-6.102687, 5559 
-6.104616, 5560 
-6.106544, 5561 
-6.108473, 5562 
-6.110402, 5563 
-6.112330, 5564 
-6.114259, 5565 
-6.116188, 5566 
-6.118116, 5567 
-6.120045, 5568 
-6.121974, 5569 
-6.123902, 5570 
-6.125831, 5571 
-6.127760, 5572 
-6.129688, 5573 
-6.131617, 5574 
-6.133546, 5575 
-6.135474, 5576 
-6.137403, 5577 
-6.139332, 5578 
-6.141260, 5579 
-6.143189, 5580 
-6.145118, 5581 
-6.147046, 5582 
-6.148975, 5583 
-6.150904, 5584 
-6.152832, 5585 
-6.154761, 5586 
-6.156690, 5587 
-6.158618, 5588 
-6.160547, 5589 
-6.162476, 5590 
-6.164405, 5591 
-6.166333, 5592 
-6.168262, 5593 
-6.170191, 5594 
-6.172119, 5595 
-6.174048, 5596 
-6.175977, 5597 
-6.177905, 5598 
-6.179834, 5599 
-6.181763, 5600 
-6.183691, 5601 
-6.185620, 5602 
-6.187549, 5603 
-6.189477, 5604 
-6.191406, 5605 
-6.193335, 5606 
-6.195263, 5607 
-6.197192, 5608 
-6.199121, 5609 
-6.201049, 5610 
-6.202978, 5611 
-6.204907, 5612 
-6.206835, 5613 
-6.208764, 5614 
-6.210693, 5615 
-6.212621, 5616 
-6.214550, 5617 
-6.216479, 5618 
-6.218407, 5619 
-6.220336, 5620 
-6.222265, 5621 
-6.224193, 5622 
-6.226122, 5623 
-6.228051, 5624 
-6.229979, 5625 
-6.231908, 5626 
-6.233837, 5627 
-6.235765, 5628 
-6.237694, 5629 
-6.239623, 5630 
-6.241551, 5631 
-6.243480, 5632 
-6.245409, 5633 
-6.247337, 5634 
-6.249266, 5635 
-6.251195, 5636 
-6.253123, 5637 
-6.255052, 5638 
-6.256981, 5639 
-6.258910, 5640 
-6.260838, 5641 
-6.262767, 5642 
-6.264696, 5643 
-6.266624, 5644 
-6.268553, 5645 
-6.270482, 5646 
-6.272410, 5647 
-6.274339, 5648 
-6.276268, 5649 
-6.278196, 5650 
-6.280125, 5651 
-6.282054, 5652 
-6.283982, 5653 
-6.285911, 5654 
-6.287840, 5655 
-6.289768, 5656 
-6.291697, 5657 
-6.293626, 5658 
-6.295554, 5659 
-6.297483, 5660 
-6.299412, 5661 
-6.301340, 5662 
-6.303269, 5663 
-6.305198, 5664 
-6.307126, 5665 
-6.309055, 5666 
-6.310984, 5667 
-6.312912, 5668 
-6.314841, 5669 
-6.316770, 5670 
-6.318698, 5671 
-6.320627, 5672 
-6.322556, 5673 
-6.324484, 5674 
-6.326413, 5675 
-6.328342, 5676 
-6.330270, 5677 
-6.332199, 5678 
-6.334128, 5679 
-6.336056, 5680 
-6.337985, 5681 
-6.339914, 5682 
-6.341842, 5683 
-6.343771, 5684 
-6.345700, 5685 
-6.347629, 5686 
-6.349557, 5687 
-6.351486, 5688 
-6.353415, 5689 
-6.355343, 5690 
-6.357272, 5691 
-6.359201, 5692 
-6.361129, 5693 
-6.363058, 5694 
-6.364987, 5695 
-6.366915, 5696 
-6.368844, 5697 
-6.370773, 5698 
-6.372701, 5699 
-6.374630, 5700 
-6.376559, 5701 
-6.378487, 5702 
-6.380416, 5703 
-6.382345, 5704 
-6.384273, 5705 
-6.386202, 5706 
-6.388131, 5707 
-6.390059, 5708 
-6.391988, 5709 
-6.393917, 5710 
-6.395845, 5711 
-6.397774, 5712 
-6.399703, 5713 
-6.401631, 5714 
-6.403560, 5715 
-6.405489, 5716 
-6.407417, 5717 
-6.409346, 5718 
-6.411275, 5719 
-6.413203, 5720 
-6.415132, 5721 
-6.417061, 5722 
-6.418989, 5723 
-6.420918, 5724 
-6.422847, 5725 
-6.424775, 5726 
-6.426704, 5727 
-6.428633, 5728 
-6.430561, 5729 
-6.432490, 5730 
-6.434419, 5731 
-6.436348, 5732 
-6.438276, 5733 
-6.440205, 5734 
-6.442134, 5735 
-6.444062, 5736 
-6.445991, 5737 
-6.447920, 5738 
-6.449848, 5739 
-6.451777, 5740 
-6.453706, 5741 
-6.455634, 5742 
-6.457563, 5743 
-6.459492, 5744 
-6.461420, 5745 
-6.463349, 5746 
-6.465278, 5747 
-6.467206, 5748 
-6.469135, 5749 
-6.471064, 5750 
-6.472992, 5751 
-6.474921, 5752 
-6.476850, 5753 
-6.478778, 5754 
-6.480707, 5755 
-6.482636, 5756 
-6.484564, 5757 
-6.486493, 5758 
-6.488422, 5759 
-6.490350, 5760 
-6.492279, 5761 
-6.494208, 5762 
-6.496136, 5763 
-6.498065, 5764 
-6.499994, 5765 
-6.501922, 5766 
-6.503851, 5767 
-6.505780, 5768 
-6.507708, 5769 
-6.509637, 5770 
-6.511566, 5771 
-6.513494, 5772 
-6.515423, 5773 
-6.517352, 5774 
-6.519280, 5775 
-6.521209, 5776 
-6.523138, 5777 
-6.525067, 5778 
-6.526995, 5779 
-6.528924, 5780 
-6.530853, 5781 
-6.532781, 5782 
-6.534710, 5783 
-6.536639, 5784 
-6.538567, 5785 
-6.540496, 5786 
-6.542425, 5787 
-6.544353, 5788 
-6.546282, 5789 
-6.548211, 5790 
-6.550139, 5791 
-6.552068, 5792 
-6.553997, 5793 
-6.555925, 5794 
-6.557854, 5795 
-6.559783, 5796 
-6.561711, 5797 
-6.563640, 5798 
-6.565569, 5799 
-6.567497, 5800 
-6.569426, 5801 
-6.571355, 5802 
-6.573283, 5803 
-6.575212, 5804 
-6.577141, 5805 
-6.579069, 5806 
-6.580998, 5807 
-6.582927, 5808 
-6.584855, 5809 
-6.586784, 5810 
-6.588713, 5811 
-6.590641, 5812 
-6.592570, 5813 
-6.594499, 5814 
-6.596427, 5815 
-6.598356, 5816 
-6.600285, 5817 
-6.602213, 5818 
-6.604142, 5819 
-6.606071, 5820 
-6.607999, 5821 
-6.609928, 5822 
-6.611857, 5823 
-6.613785, 5824 
-6.615714, 5825 
-6.617643, 5826 
-6.619572, 5827 
-6.621500, 5828 
-6.623429, 5829 
-6.625358, 5830 
-6.627286, 5831 
-6.629215, 5832 
-6.631144, 5833 
-6.633072, 5834 
-6.635001, 5835 
-6.636930, 5836 
-6.638858, 5837 
-6.640787, 5838 
-6.642716, 5839 
-6.644644, 5840 
-6.646573, 5841 
-6.648502, 5842 
-6.650430, 5843 
-6.652359, 5844 
-6.654288, 5845 
-6.656216, 5846 
-6.658145, 5847 
-6.660074, 5848 
-6.662002, 5849 
-6.663931, 5850 
-6.665860, 5851 
-6.667788, 5852 
-6.669717, 5853 
-6.671646, 5854 
-6.673574, 5855 
-6.675503, 5856 
-6.677432, 5857 
-6.679360, 5858 
-6.681289, 5859 
-6.683218, 5860 
-6.685146, 5861 
-6.687075, 5862 
-6.689004, 5863 
-6.690932, 5864 
-6.692861, 5865 
-6.694790, 5866 
-6.696718, 5867 
-6.698647, 5868 
-6.700576, 5869 
-6.702504, 5870 
-6.704433, 5871 
-6.706362, 5872 
-6.708291, 5873 
-6.710219, 5874 
-6.712148, 5875 
-6.714077, 5876 
-6.716005, 5877 
-6.717934, 5878 
-6.719863, 5879 
-6.721791, 5880 
-6.723720, 5881 
-6.725649, 5882 
-6.727577, 5883 
-6.729506, 5884 
-6.731435, 5885 
-6.733363, 5886 
-6.735292, 5887 
-6.737221, 5888 
-6.739149, 5889 
-6.741078, 5890 
-6.743007, 5891 
-6.744935, 5892 
-6.746864, 5893 
-6.748793, 5894 
-6.750721, 5895 
-6.752650, 5896 
-6.754579, 5897 
-6.756507, 5898 
-6.758436, 5899 
-6.760365, 5900 
-6.762293, 5901 
-6.764222, 5902 
-6.766151, 5903 
-6.768079, 5904 
-6.770008, 5905 
-6.771937, 5906 
-6.773865, 5907 
-6.775794, 5908 
-6.777723, 5909 
-6.779651, 5910 
-6.781580, 5911 
-6.783509, 5912 
-6.785437, 5913 
-6.787366, 5914 
-6.789295, 5915 
-6.791223, 5916 
-6.793152, 5917 
-6.795081, 5918 
-6.797010, 5919 
-6.798938, 5920 
-6.800867, 5921 
-6.802796, 5922 
-6.804724, 5923 
-6.806653, 5924 
-6.808582, 5925 
-6.810510, 5926 
-6.812439, 5927 
-6.814368, 5928 
-6.816296, 5929 
-6.818225, 5930 
-6.820154, 5931 
-6.822082, 5932 
-6.824011, 5933 
-6.825940, 5934 
-6.827868, 5935 
-6.829797, 5936 
-6.831726, 5937 
-6.833654, 5938 
-6.835583, 5939 
-6.837512, 5940 
-6.839440, 5941 
-6.841369, 5942 
-6.843298, 5943 
-6.845226, 5944 
-6.847155, 5945 
-6.849084, 5946 
-6.851012, 5947 
-6.852941, 5948 
-6.854870, 5949 
-6.856798, 5950 
-6.858727, 5951 
-6.860656, 5952 
-6.862584, 5953 
-6.864513, 5954 
-6.866442, 5955 
-6.868370, 5956 
-6.870299, 5957 
-6.872228, 5958 
-6.874156, 5959 
-6.876085, 5960 
-6.878014, 5961 
-6.879942, 5962 
-6.881871, 5963 
-6.883800, 5964 
-6.885728, 5965 
-6.887657, 5966 
-6.889586, 5967 
-6.891515, 5968 
-6.893443, 5969 
-6.895372, 5970 
-6.897301, 5971 
-6.899229, 5972 
-6.901158, 5973 
-6.903087, 5974 
-6.905015, 5975 
-6.906944, 5976 
-6.908873, 5977 
